Gene	c2	c4	c3	Anc3	Anc2	c1	c5	Anc4	Anc1
c1_AASS	2	2	2	2	2	3	2	2	2
c1_GAPDH	2	2	2	2	2	3	2	2	2
c1_UNC5B	2	2	2	2	2	3	2	2	2
c1_CACHD1	2	2	2	2	2	3	2	2	2
c1_MEIS2	2	2	2	2	2	3	2	2	2
c1_GPC3	2	2	2	2	2	3	2	2	2
c1_ZNF888	2	2	2	2	2	3	2	2	2
c1_ATF5	2	2	2	2	2	3	2	2	2
c1_MEGF6	2	2	2	2	2	3	2	2	2
c1_RGS6	2	2	2	2	2	3	2	2	2
c1_AL590617.2	2	2	2	2	2	3	2	2	2
c1_HSD17B14	2	2	2	2	2	3	2	2	2
c1_PGGHG	2	2	2	2	2	3	2	2	2
c1_AL512353.1	2	2	2	2	2	3	2	2	2
c1_HES5	2	2	2	2	2	3	2	2	2
c1_NNAT	2	2	2	2	2	3	2	2	2
c1_AEN	2	2	2	2	2	3	2	2	2
c1_CLEC18C	2	2	2	2	2	3	2	2	2
c1_MT-ND1	2	2	2	2	2	3	2	2	2
c1_AC099489.1	2	2	2	2	2	3	2	2	2
c1_CDC42EP5	2	2	2	2	2	3	2	2	2
c1_MASP1	2	2	2	2	2	3	2	2	2
c1_AC022075.1	2	2	2	2	2	3	2	2	2
c1_CA14	2	2	2	2	2	3	2	2	2
c1_MAL	2	2	2	2	2	3	2	2	2
c1_ATP1B1	2	2	2	2	2	3	2	2	2
c1_LINC01980	2	2	2	2	2	3	2	2	2
c1_SERPING1	2	2	2	2	2	3	2	2	2
c1_SOX4	2	2	2	2	2	3	2	2	2
c1_CYYR1	2	2	2	2	2	3	2	2	2
c1_AC019257.1	2	2	2	2	2	3	2	2	2
c1_COL4A2	2	2	2	2	2	3	2	2	2
c1_TNFSF9	2	2	2	2	2	3	2	2	2
c1_FAM227B	2	2	2	2	2	3	2	2	2
c1_AC007906.2	2	2	2	2	2	3	2	2	2
c1_HEY2	2	2	2	2	2	3	2	2	2
c1_SOX1	2	2	2	2	2	3	2	2	2
c1_DDIT4	2	2	2	2	2	3	2	2	2
c1_AC053527.1	2	2	2	2	2	3	2	2	2
c1_KCNQ1OT1	2	2	2	2	2	3	2	2	2
c1_BBS9	2	2	2	2	2	3	2	2	2
c1_ALPK2	2	2	2	2	2	3	2	2	2
c1_MT-ND2	2	2	2	2	2	3	2	2	2
c1_CEBPB	2	2	2	2	2	3	2	2	2
c1_BCAR3	2	2	2	2	2	3	2	2	2
c1_NOVA1	2	2	2	2	2	3	2	2	2
c1_COL6A2	2	2	2	2	2	3	2	2	2
c1_BTG1	2	2	2	2	2	3	2	2	2
c1_PABPC4L	2	2	2	2	2	3	2	2	2
c1_IFITM1	2	2	2	2	2	3	2	2	2
c1_HLA-B	2	2	2	2	2	3	2	2	2
c1_SH3BP1	2	2	2	2	2	3	2	2	2
c1_HOTAIRM1	2	2	2	2	2	3	2	2	2
c1_NR2F1	2	2	2	2	2	3	2	2	2
c1_TSPAN12	2	2	2	2	2	3	2	2	2
c1_FOXS1	2	2	2	2	2	3	2	2	2
c1_OCSTAMP	2	2	2	2	2	3	2	2	2
c1_PCK2	2	2	2	2	2	3	2	2	2
c1_STK26	2	2	2	2	2	3	2	2	2
c1_ENO1	2	2	2	2	2	3	2	2	2
c1_PDLIM1	2	2	2	2	2	3	2	2	2
c1_PEG10	2	2	2	2	2	3	2	2	2
c1_POU3F3	2	2	2	2	2	3	2	2	2
c1_PRCP	2	2	2	2	2	3	2	2	2
c1_PROSER2	2	2	2	2	2	3	2	2	2
c1_PTGR1	2	2	2	2	2	3	2	2	2
c1_PTHLH	2	2	2	2	2	3	2	2	2
c1_PTX3	2	2	2	2	2	3	2	2	2
c1_RAB31	2	2	2	2	2	3	2	2	2
c1_RAP2B	2	2	2	2	2	3	2	2	2
c1_RPL17	2	2	2	2	2	3	2	2	2
c1_SINHCAF	2	2	2	2	2	3	2	2	2
c1_SOX3	2	2	2	2	2	3	2	2	2
c1_TRIM38	2	2	2	2	2	3	2	2	2
c1_FOSL1	2	2	2	2	2	3	2	2	2
c1_TPST2	2	2	2	2	2	3	2	2	2
c1_FAM95B1	2	2	2	2	2	3	2	2	2
c1_TNFAIP2	2	2	2	2	2	3	2	2	2
c1_FAM162A	2	2	2	2	2	3	2	2	2
c1_TIMP3	2	2	2	2	2	3	2	2	2
c1_FABP7	2	2	2	2	2	3	2	2	2
c1_SUGCT	2	2	2	2	2	3	2	2	2
c1_EIF1	2	2	2	2	2	3	2	2	2
DUMMY39	-100	-100	-100	-100	-100	-100	-100	-100	-100
c1_AC067735.1	3	3	3	3	3	2	3	3	3
c1_ADAMTS15	3	3	3	3	3	2	3	3	3
c1_ADAMTSL1	3	3	3	3	3	2	3	3	3
c1_ADGB	3	3	3	3	3	2	3	3	3
c1_AL022068.1	3	3	3	3	3	2	3	3	3
c1_AL031777.3	3	3	3	3	3	2	3	3	3
c1_AL132780.2	3	3	3	3	3	2	3	3	3
c1_AL354836.1	3	3	3	3	3	2	3	3	3
c1_AL441992.1	3	3	3	3	3	2	3	3	3
c1_AL445985.1	3	3	3	3	3	2	3	3	3
c1_AL928921.2	3	3	3	3	3	2	3	3	3
c1_ALDH3B1	3	3	3	3	3	2	3	3	3
c1_ANXA7	3	3	3	3	3	2	3	3	3
c1_APPL2	3	3	3	3	3	2	3	3	3
c1_ARHGAP6	3	3	3	3	3	2	3	3	3
c1_ARMC2	3	3	3	3	3	2	3	3	3
c1_ATXN1	3	3	3	3	3	2	3	3	3
c1_BBOF1	3	3	3	3	3	2	3	3	3
c1_BTF3	3	3	3	3	3	2	3	3	3
c1_C19orf70	3	3	3	3	3	2	3	3	3
c1_C2orf40	3	3	3	3	3	2	3	3	3
c1_C8B	3	3	3	3	3	2	3	3	3
c1_C9orf24	3	3	3	3	3	2	3	3	3
c1_CAVIN2	3	3	3	3	3	2	3	3	3
c1_CCDC30	3	3	3	3	3	2	3	3	3
c1_CCDC39.1	3	3	3	3	3	2	3	3	3
c1_CCDC40	3	3	3	3	3	2	3	3	3
c1_CCDC96	3	3	3	3	3	2	3	3	3
c1_CCND1	3	3	3	3	3	2	3	3	3
c1_CCND2	3	3	3	3	3	2	3	3	3
c1_CD36	3	3	3	3	3	2	3	3	3
c1_CDS1	3	3	3	3	3	2	3	3	3
c1_CEP126	3	3	3	3	3	2	3	3	3
c1_CFAP47	3	3	3	3	3	2	3	3	3
c1_CFAP53	3	3	3	3	3	2	3	3	3
c1_CFAP97D2	3	3	3	3	3	2	3	3	3
c1_CFLAR	3	3	3	3	3	2	3	3	3
c1_CHID1	3	3	3	3	3	2	3	3	3
c1_CHPF2	3	3	3	3	3	2	3	3	3
c1_CHRDL1	3	3	3	3	3	2	3	3	3
c1_CNNM1	3	3	3	3	3	2	3	3	3
c1_COL1A1	3	3	3	3	3	2	3	3	3
c1_COL21A1	3	3	3	3	3	2	3	3	3
c1_COL5A3	3	3	3	3	3	2	3	3	3
c1_COLEC12	3	3	3	3	3	2	3	3	3
c1_CREB5	3	3	3	3	3	2	3	3	3
c1_CRIP2	3	3	3	3	3	2	3	3	3
c1_CXCL16	3	3	3	3	3	2	3	3	3
c1_CYB5R3	3	3	3	3	3	2	3	3	3
c1_CYP39A1	3	3	3	3	3	2	3	3	3
c1_CYTOR	3	3	3	3	3	2	3	3	3
c1_DAB1	3	3	3	3	3	2	3	3	3
c1_DCBLD1	3	3	3	3	3	2	3	3	3
c1_DDX60L	3	3	3	3	3	2	3	3	3
c1_DENND2A	3	3	3	3	3	2	3	3	3
c1_DNAH12	3	3	3	3	3	2	3	3	3
c1_DNAH6	3	3	3	3	3	2	3	3	3
c1_DNAI1	3	3	3	3	3	2	3	3	3
c1_DNAJB13	3	3	3	3	3	2	3	3	3
c1_DRC3	3	3	3	3	3	2	3	3	3
c1_DSE	3	3	3	3	3	2	3	3	3
c1_DST	3	3	3	3	3	2	3	3	3
c1_DSTN	3	3	3	3	3	2	3	3	3
c1_EFCAB14	3	3	3	3	3	2	3	3	3
c1_EFCAB6	3	3	3	3	3	2	3	3	3
c1_EFHB	3	3	3	3	3	2	3	3	3
c1_EFNB2	3	3	3	3	3	2	3	3	3
c1_EHD2	3	3	3	3	3	2	3	3	3
c1_EIF3G	3	3	3	3	3	2	3	3	3
c1_ELMO1	3	3	3	3	3	2	3	3	3
c1_ELOB	3	3	3	3	3	2	3	3	3
c1_ENO4	3	3	3	3	3	2	3	3	3
c1_ETV1	3	3	3	3	3	2	3	3	3
c1_EXPH5	3	3	3	3	3	2	3	3	3
c1_EXT1	3	3	3	3	3	2	3	3	3
c1_FAM174B	3	3	3	3	3	2	3	3	3
c1_FAM227A	3	3	3	3	3	2	3	3	3
c1_FBN1	3	3	3	3	3	2	3	3	3
c1_FGF13-AS1	3	3	3	3	3	2	3	3	3
c1_FHAD1	3	3	3	3	3	2	3	3	3
c1_FIGN	3	3	3	3	3	2	3	3	3
c1_FILIP1L	3	3	3	3	3	2	3	3	3
c1_FLNB	3	3	3	3	3	2	3	3	3
c1_FN1	3	3	3	3	3	2	3	3	3
c1_FRMD4A	3	3	3	3	3	2	3	3	3
c1_FURIN	3	3	3	3	3	2	3	3	3
c1_FUT8	3	3	3	3	3	2	3	3	3
c1_GALNS	3	3	3	3	3	2	3	3	3
c1_GALNT10	3	3	3	3	3	2	3	3	3
c1_GALNT5	3	3	3	3	3	2	3	3	3
c1_GHR	3	3	3	3	3	2	3	3	3
c1_GLG1	3	3	3	3	3	2	3	3	3
c1_GLI3	3	3	3	3	3	2	3	3	3
c1_GLIPR1	3	3	3	3	3	2	3	3	3
c1_GNS	3	3	3	3	3	2	3	3	3
c1_GOLGA4	3	3	3	3	3	2	3	3	3
c1_GPR1	3	3	3	3	3	2	3	3	3
c1_HEG1	3	3	3	3	3	2	3	3	3
c1_HEXIM1	3	3	3	3	3	2	3	3	3
c1_HIPK1	3	3	3	3	3	2	3	3	3
c1_HS3ST4	3	3	3	3	3	2	3	3	3
c1_IDE	3	3	3	3	3	2	3	3	3
c1_IFNAR1	3	3	3	3	3	2	3	3	3
c1_IFT122	3	3	3	3	3	2	3	3	3
c1_IFT88	3	3	3	3	3	2	3	3	3
c1_IGFBP7-AS1	3	3	3	3	3	2	3	3	3
c1_IL5RA	3	3	3	3	3	2	3	3	3
c1_IQCG	3	3	3	3	3	2	3	3	3
c1_ITIH2	3	3	3	3	3	2	3	3	3
c1_JPH2	3	3	3	3	3	2	3	3	3
c1_KCNF1	3	3	3	3	3	2	3	3	3
c1_KCNK13	3	3	3	3	3	2	3	3	3
c1_KIAA2012	3	3	3	3	3	2	3	3	3
c1_LOXL3	3	3	3	3	3	2	3	3	3
c1_LPL	3	3	3	3	3	2	3	3	3
c1_LRGUK	3	3	3	3	3	2	3	3	3
c1_LRP6	3	3	3	3	3	2	3	3	3
c1_LYN	3	3	3	3	3	2	3	3	3
c1_MAFK	3	3	3	3	3	2	3	3	3
c1_MAN1A1	3	3	3	3	3	2	3	3	3
c1_MBNL2	3	3	3	3	3	2	3	3	3
c1_MED14	3	3	3	3	3	2	3	3	3
c1_MOK	3	3	3	3	3	2	3	3	3
c1_MS4A8	3	3	3	3	3	2	3	3	3
c1_MSRB3	3	3	3	3	3	2	3	3	3
c1_MUC19	3	3	3	3	3	2	3	3	3
c1_MYL6	3	3	3	3	3	2	3	3	3
c1_NBPF26	3	3	3	3	3	2	3	3	3
c1_NCMAP	3	3	3	3	3	2	3	3	3
c1_NEK7	3	3	3	3	3	2	3	3	3
c1_NFIB	3	3	3	3	3	2	3	3	3
c1_NPW	3	3	3	3	3	2	3	3	3
c1_NRBP2	3	3	3	3	3	2	3	3	3
c1_ODF3L1	3	3	3	3	3	2	3	3	3
c1_OGFOD3	3	3	3	3	3	2	3	3	3
c1_OLFML2A	3	3	3	3	3	2	3	3	3
c1_OTULINL	3	3	3	3	3	2	3	3	3
c1_PCDHGC3	3	3	3	3	3	2	3	3	3
c1_PDE8B	3	3	3	3	3	2	3	3	3
c1_PFDN5	3	3	3	3	3	2	3	3	3
c1_PIH1D3	3	3	3	3	3	2	3	3	3
c1_PLEKHA4	3	3	3	3	3	2	3	3	3
c1_PLEKHA5	3	3	3	3	3	2	3	3	3
c1_POMT2	3	3	3	3	3	2	3	3	3
c1_PPP1R3C	3	3	3	3	3	2	3	3	3
c1_PPP2CB	3	3	3	3	3	2	3	3	3
c1_PQLC3	3	3	3	3	3	2	3	3	3
c1_PRKG1	3	3	3	3	3	2	3	3	3
c1_PRR29	3	3	3	3	3	2	3	3	3
c1_RAB7B	3	3	3	3	3	2	3	3	3
c1_RBM24	3	3	3	3	3	2	3	3	3
c1_RBM43	3	3	3	3	3	2	3	3	3
c1_RGS12	3	3	3	3	3	2	3	3	3
c1_RND3	3	3	3	3	3	2	3	3	3
c1_RNF144B	3	3	3	3	3	2	3	3	3
c1_ROCK1	3	3	3	3	3	2	3	3	3
c1_RP2	3	3	3	3	3	2	3	3	3
c1_RPL10	3	3	3	3	3	2	3	3	3
c1_RPL10A	3	3	3	3	3	2	3	3	3
c1_RPL11	3	3	3	3	3	2	3	3	3
c1_RPL13	3	3	3	3	3	2	3	3	3
c1_RPL13A	3	3	3	3	3	2	3	3	3
c1_RPL27	3	3	3	3	3	2	3	3	3
c1_RPL28	3	3	3	3	3	2	3	3	3
c1_RPL3	3	3	3	3	3	2	3	3	3
c1_RPL37	3	3	3	3	3	2	3	3	3
c1_RPL37A	3	3	3	3	3	2	3	3	3
c1_RPL38	3	3	3	3	3	2	3	3	3
c1_RPL5	3	3	3	3	3	2	3	3	3
c1_RPL6	3	3	3	3	3	2	3	3	3
c1_RPL7A	3	3	3	3	3	2	3	3	3
c1_RPL9	3	3	3	3	3	2	3	3	3
c1_RPLP2	3	3	3	3	3	2	3	3	3
c1_RPN1	3	3	3	3	3	2	3	3	3
c1_RPS14	3	3	3	3	3	2	3	3	3
c1_RPS16	3	3	3	3	3	2	3	3	3
c1_RPS23	3	3	3	3	3	2	3	3	3
c1_RPS24	3	3	3	3	3	2	3	3	3
c1_RPS27A	3	3	3	3	3	2	3	3	3
c1_RPS3	3	3	3	3	3	2	3	3	3
c1_RPS4X	3	3	3	3	3	2	3	3	3
c1_RPS5	3	3	3	3	3	2	3	3	3
c1_RPS6KB2	3	3	3	3	3	2	3	3	3
c1_RSPO3	3	3	3	3	3	2	3	3	3
c1_RSRP1	3	3	3	3	3	2	3	3	3
c1_RTRAF	3	3	3	3	3	2	3	3	3
c1_RUVBL1	3	3	3	3	3	2	3	3	3
c1_SAMD15	3	3	3	3	3	2	3	3	3
c1_SCGB1A1	3	3	3	3	3	2	3	3	3
c1_SCUBE2	3	3	3	3	3	2	3	3	3
c1_SEC11A	3	3	3	3	3	2	3	3	3
c1_SEC31A	3	3	3	3	3	2	3	3	3
c1_SEC61B	3	3	3	3	3	2	3	3	3
c1_SERPINI2	3	3	3	3	3	2	3	3	3
c1_SFRP4	3	3	3	3	3	2	3	3	3
c1_SLC12A1	3	3	3	3	3	2	3	3	3
c1_SLC15A2	3	3	3	3	3	2	3	3	3
c1_SLC20A2	3	3	3	3	3	2	3	3	3
c1_SLC9A3R2	3	3	3	3	3	2	3	3	3
c1_SPEF2	3	3	3	3	3	2	3	3	3
c1_SUCO	3	3	3	3	3	2	3	3	3
c1_SUSD1	3	3	3	3	3	2	3	3	3
c1_TBC1D4	3	3	3	3	3	2	3	3	3
c1_TEX15	3	3	3	3	3	2	3	3	3
c1_TGFBI	3	3	3	3	3	2	3	3	3
c1_TGFBR2	3	3	3	3	3	2	3	3	3
c1_THBS1	3	3	3	3	3	2	3	3	3
c1_TIMM13	3	3	3	3	3	2	3	3	3
c1_TMED10	3	3	3	3	3	2	3	3	3
c1_TMED2	3	3	3	3	3	2	3	3	3
c1_TMEM217	3	3	3	3	3	2	3	3	3
c1_TMEM231	3	3	3	3	3	2	3	3	3
c1_TMEM232	3	3	3	3	3	2	3	3	3
c1_TMEM59	3	3	3	3	3	2	3	3	3
c1_TNXB	3	3	3	3	3	2	3	3	3
c1_TPCN1	3	3	3	3	3	2	3	3	3
c1_TPPP3	3	3	3	3	3	2	3	3	3
c1_TRIM25	3	3	3	3	3	2	3	3	3
c1_TTC23L	3	3	3	3	3	2	3	3	3
c1_TTPA	3	3	3	3	3	2	3	3	3
c1_TWIST1	3	3	3	3	3	2	3	3	3
c1_UBASH3B	3	3	3	3	3	2	3	3	3
c1_UBXN4	3	3	3	3	3	2	3	3	3
c1_WDR35	3	3	3	3	3	2	3	3	3
c1_WDR81	3	3	3	3	3	2	3	3	3
c1_ZBED3-AS1	3	3	3	3	3	2	3	3	3
c1_ZNF524	3	3	3	3	3	2	3	3	3
DUMMY40	-100	-100	-100	-100	-100	-100	-100	-100	-100
c1_AHRR	2	3	3	3	2	2	2	2	2
c1_SERINC2	2	3	3	3	2	2	2	2	2
c1_RORB	2	3	3	3	2	2	2	2	2
c1_MIR4435-2HG	2	3	3	3	2	2	2	2	2
c1_MYH14	2	3	3	3	2	2	2	2	2
c1_NACA	2	3	3	3	2	2	2	2	2
c1_PRR5L	2	3	3	3	2	2	2	2	2
DUMMY41	-100	-100	-100	-100	-100	-100	-100	-100	-100
c1_AC005790.1	2	2	2	2	2	2	3	2	2
c1_AC009962.1	2	2	2	2	2	2	3	2	2
c1_AC016708.1	2	2	2	2	2	2	3	2	2
c1_AC019069.1	2	2	2	2	2	2	3	2	2
c1_AC093677.2	2	2	2	2	2	2	3	2	2
c1_AC103591.3	2	2	2	2	2	2	3	2	2
c1_AC105277.1	2	2	2	2	2	2	3	2	2
c1_ACP6	2	2	2	2	2	2	3	2	2
c1_AL355075.4	2	2	2	2	2	2	3	2	2
c1_AMOT	2	2	2	2	2	2	3	2	2
c1_ANGPTL1	2	2	2	2	2	2	3	2	2
c1_AP000880.1	2	2	2	2	2	2	3	2	2
c1_APOL1	2	2	2	2	2	2	3	2	2
c1_APOL6	2	2	2	2	2	2	3	2	2
c1_ARHGAP11B	2	2	2	2	2	2	3	2	2
c1_ATAD5	2	2	2	2	2	2	3	2	2
c1_AURKA	2	2	2	2	2	2	3	2	2
c1_C1QTNF2	2	2	2	2	2	2	3	2	2
c1_C1orf112	2	2	2	2	2	2	3	2	2
c1_C5	2	2	2	2	2	2	3	2	2
c1_CCDC14	2	2	2	2	2	2	3	2	2
c1_CCDC15	2	2	2	2	2	2	3	2	2
c1_CCDC150	2	2	2	2	2	2	3	2	2
c1_CCDC18	2	2	2	2	2	2	3	2	2
c1_CCDC3	2	2	2	2	2	2	3	2	2
c1_CCNF	2	2	2	2	2	2	3	2	2
c1_CDCA7	2	2	2	2	2	2	3	2	2
c1_CDKN2C	2	2	2	2	2	2	3	2	2
c1_CENPL	2	2	2	2	2	2	3	2	2
c1_CENPO	2	2	2	2	2	2	3	2	2
c1_CENPS	2	2	2	2	2	2	3	2	2
c1_CEP128	2	2	2	2	2	2	3	2	2
c1_CEP135	2	2	2	2	2	2	3	2	2
c1_CEP152	2	2	2	2	2	2	3	2	2
c1_CEP162	2	2	2	2	2	2	3	2	2
c1_CEP192	2	2	2	2	2	2	3	2	2
c1_CHAF1A	2	2	2	2	2	2	3	2	2
c1_CHEK1	2	2	2	2	2	2	3	2	2
c1_CKAP2	2	2	2	2	2	2	3	2	2
c1_CKLF	2	2	2	2	2	2	3	2	2
c1_CLIC4	2	2	2	2	2	2	3	2	2
c1_CNTLN	2	2	2	2	2	2	3	2	2
c1_CU638689.4	2	2	2	2	2	2	3	2	2
c1_DDX11	2	2	2	2	2	2	3	2	2
c1_DLEU2	2	2	2	2	2	2	3	2	2
c1_DNA2	2	2	2	2	2	2	3	2	2
c1_DNAJC9	2	2	2	2	2	2	3	2	2
c1_DONSON	2	2	2	2	2	2	3	2	2
c1_DTYMK	2	2	2	2	2	2	3	2	2
c1_EGFR	2	2	2	2	2	2	3	2	2
c1_EGR1	2	2	2	2	2	2	3	2	2
c1_EZH2	2	2	2	2	2	2	3	2	2
c1_FAAP24	2	2	2	2	2	2	3	2	2
c1_FAM122B	2	2	2	2	2	2	3	2	2
c1_FANCG	2	2	2	2	2	2	3	2	2
c1_FBXO43	2	2	2	2	2	2	3	2	2
c1_FCMR	2	2	2	2	2	2	3	2	2
c1_GAS6-AS1	2	2	2	2	2	2	3	2	2
c1_GEN1	2	2	2	2	2	2	3	2	2
c1_GGH	2	2	2	2	2	2	3	2	2
c1_GJC1	2	2	2	2	2	2	3	2	2
c1_GLUD2	2	2	2	2	2	2	3	2	2
c1_GMPPB	2	2	2	2	2	2	3	2	2
c1_GUCY2F	2	2	2	2	2	2	3	2	2
c1_HAUS4	2	2	2	2	2	2	3	2	2
c1_HAUS5	2	2	2	2	2	2	3	2	2
c1_HELLS	2	2	2	2	2	2	3	2	2
c1_HIST1H2BN	2	2	2	2	2	2	3	2	2
c1_HMMR	2	2	2	2	2	2	3	2	2
c1_HRCT1	2	2	2	2	2	2	3	2	2
c1_HSPB11	2	2	2	2	2	2	3	2	2
c1_IL11RA	2	2	2	2	2	2	3	2	2
c1_INF2	2	2	2	2	2	2	3	2	2
c1_ISLR	2	2	2	2	2	2	3	2	2
c1_JPT2	2	2	2	2	2	2	3	2	2
c1_KIF22	2	2	2	2	2	2	3	2	2
c1_KIF24	2	2	2	2	2	2	3	2	2
c1_KNTC1	2	2	2	2	2	2	3	2	2
c1_LIN9	2	2	2	2	2	2	3	2	2
c1_LINC00664	2	2	2	2	2	2	3	2	2
c1_LINC01515	2	2	2	2	2	2	3	2	2
c1_LINC02232	2	2	2	2	2	2	3	2	2
c1_LRRC45	2	2	2	2	2	2	3	2	2
c1_LSM4	2	2	2	2	2	2	3	2	2
c1_MASTL	2	2	2	2	2	2	3	2	2
c1_MBNL3	2	2	2	2	2	2	3	2	2
c1_MCM4	2	2	2	2	2	2	3	2	2
c1_MCM8	2	2	2	2	2	2	3	2	2
c1_MIS18A	2	2	2	2	2	2	3	2	2
c1_MMS22L	2	2	2	2	2	2	3	2	2
c1_MPHOSPH9	2	2	2	2	2	2	3	2	2
c1_MRE11	2	2	2	2	2	2	3	2	2
c1_MSH5	2	2	2	2	2	2	3	2	2
c1_MTBP	2	2	2	2	2	2	3	2	2
c1_MYBL1	2	2	2	2	2	2	3	2	2
c1_NAB1	2	2	2	2	2	2	3	2	2
c1_NCAPD2	2	2	2	2	2	2	3	2	2
c1_NCAPD3	2	2	2	2	2	2	3	2	2
c1_NCAPG2	2	2	2	2	2	2	3	2	2
c1_NEMP2	2	2	2	2	2	2	3	2	2
c1_NHSL1	2	2	2	2	2	2	3	2	2
c1_NRM	2	2	2	2	2	2	3	2	2
c1_NUP107	2	2	2	2	2	2	3	2	2
c1_OAS3	2	2	2	2	2	2	3	2	2
c1_PARP1	2	2	2	2	2	2	3	2	2
c1_PCNT	2	2	2	2	2	2	3	2	2
c1_PLK1	2	2	2	2	2	2	3	2	2
c1_POLA1	2	2	2	2	2	2	3	2	2
c1_POLD3	2	2	2	2	2	2	3	2	2
c1_POLE3	2	2	2	2	2	2	3	2	2
c1_POLH	2	2	2	2	2	2	3	2	2
c1_PRIM2	2	2	2	2	2	2	3	2	2
c1_PRKD3	2	2	2	2	2	2	3	2	2
c1_PRTFDC1	2	2	2	2	2	2	3	2	2
c1_PSMC3IP	2	2	2	2	2	2	3	2	2
c1_PTPRC	2	2	2	2	2	2	3	2	2
c1_RAD18	2	2	2	2	2	2	3	2	2
c1_RANBP1	2	2	2	2	2	2	3	2	2
c1_RBBP8	2	2	2	2	2	2	3	2	2
c1_RBL1	2	2	2	2	2	2	3	2	2
c1_RCC1	2	2	2	2	2	2	3	2	2
c1_RCC2	2	2	2	2	2	2	3	2	2
c1_RECQL	2	2	2	2	2	2	3	2	2
c1_REXO5	2	2	2	2	2	2	3	2	2
c1_RFC2	2	2	2	2	2	2	3	2	2
c1_RFC3	2	2	2	2	2	2	3	2	2
c1_RFC4	2	2	2	2	2	2	3	2	2
c1_RFLNA	2	2	2	2	2	2	3	2	2
c1_RFWD3	2	2	2	2	2	2	3	2	2
c1_RNASEH2B	2	2	2	2	2	2	3	2	2
c1_RRM1	2	2	2	2	2	2	3	2	2
c1_RTTN	2	2	2	2	2	2	3	2	2
c1_SDC1	2	2	2	2	2	2	3	2	2
c1_SFXN2	2	2	2	2	2	2	3	2	2
c1_SGO2	2	2	2	2	2	2	3	2	2
c1_SH2D4A	2	2	2	2	2	2	3	2	2
c1_SIPA1	2	2	2	2	2	2	3	2	2
c1_SKP2	2	2	2	2	2	2	3	2	2
c1_SLC12A8	2	2	2	2	2	2	3	2	2
c1_SLC37A4	2	2	2	2	2	2	3	2	2
c1_SLF1	2	2	2	2	2	2	3	2	2
c1_SLF2	2	2	2	2	2	2	3	2	2
c1_SMC1A	2	2	2	2	2	2	3	2	2
c1_SMC2	2	2	2	2	2	2	3	2	2
c1_SYNE2	2	2	2	2	2	2	3	2	2
c1_TBC1D31	2	2	2	2	2	2	3	2	2
c1_TEDC1	2	2	2	2	2	2	3	2	2
c1_TMPO	2	2	2	2	2	2	3	2	2
c1_TONSL	2	2	2	2	2	2	3	2	2
c1_TP73	2	2	2	2	2	2	3	2	2
c1_USP1	2	2	2	2	2	2	3	2	2
c1_VTN	2	2	2	2	2	2	3	2	2
c1_WDHD1	2	2	2	2	2	2	3	2	2
c1_WDR76	2	2	2	2	2	2	3	2	2
c1_WDR90	2	2	2	2	2	2	3	2	2
c1_WWC3	2	2	2	2	2	2	3	2	2
c1_XRCC3	2	2	2	2	2	2	3	2	2
c1_ZGRF1	2	2	2	2	2	2	3	2	2
c1_ZNF107	2	2	2	2	2	2	3	2	2
c1_ZNF367	2	2	2	2	2	2	3	2	2
c1_ZNF730	2	2	2	2	2	2	3	2	2
c1_ZNF788P	2	2	2	2	2	2	3	2	2
c1_ZNF93	2	2	2	2	2	2	3	2	2
DUMMY50	-100	-100	-100	-100	-100	-100	-100	-100	-100
c1_AC004012.1	2	2	2	2	2	3	3	3	3
c1_AC007952.4	2	2	2	2	2	3	3	3	3
c1_AC009005.1	2	2	2	2	2	3	3	3	3
c1_AC092919.1	2	2	2	2	2	3	3	3	3
c1_ACSM1	2	2	2	2	2	3	3	3	3
c1_AJ009632.2	2	2	2	2	2	3	3	3	3
c1_AL031005.1	2	2	2	2	2	3	3	3	3
c1_ALYREF	2	2	2	2	2	3	3	3	3
c1_APELA	2	2	2	2	2	3	3	3	3
c1_APOL2	2	2	2	2	2	3	3	3	3
c1_ARHGAP11A	2	2	2	2	2	3	3	3	3
c1_ASF1B	2	2	2	2	2	3	3	3	3
c1_ASPM	2	2	2	2	2	3	3	3	3
c1_ATAD2	2	2	2	2	2	3	3	3	3
c1_BARD1	2	2	2	2	2	3	3	3	3
c1_BRIP1	2	2	2	2	2	3	3	3	3
c1_BUB1	2	2	2	2	2	3	3	3	3
c1_CCNB2	2	2	2	2	2	3	3	3	3
c1_CCNE2	2	2	2	2	2	3	3	3	3
c1_CCNO	2	2	2	2	2	3	3	3	3
c1_CDC20	2	2	2	2	2	3	3	3	3
c1_CDC6	2	2	2	2	2	3	3	3	3
c1_CDCA4	2	2	2	2	2	3	3	3	3
c1_CDCA5	2	2	2	2	2	3	3	3	3
c1_CDCP1	2	2	2	2	2	3	3	3	3
c1_CDK1	2	2	2	2	2	3	3	3	3
c1_CDT1	2	2	2	2	2	3	3	3	3
c1_CENPF	2	2	2	2	2	3	3	3	3
c1_CENPH	2	2	2	2	2	3	3	3	3
c1_CENPK	2	2	2	2	2	3	3	3	3
c1_CENPM	2	2	2	2	2	3	3	3	3
c1_CENPN	2	2	2	2	2	3	3	3	3
c1_CENPP	2	2	2	2	2	3	3	3	3
c1_CENPQ	2	2	2	2	2	3	3	3	3
c1_CENPU	2	2	2	2	2	3	3	3	3
c1_CEP55	2	2	2	2	2	3	3	3	3
c1_CHEK2	2	2	2	2	2	3	3	3	3
c1_CIP2A	2	2	2	2	2	3	3	3	3
c1_CKAP2L	2	2	2	2	2	3	3	3	3
c1_CKS2	2	2	2	2	2	3	3	3	3
c1_CLSPN	2	2	2	2	2	3	3	3	3
c1_CNFN	2	2	2	2	2	3	3	3	3
c1_COL9A1	2	2	2	2	2	3	3	3	3
c1_CPT1A	2	2	2	2	2	3	3	3	3
c1_CPXM1	2	2	2	2	2	3	3	3	3
c1_CSPG4	2	2	2	2	2	3	3	3	3
c1_CTNNAL1	2	2	2	2	2	3	3	3	3
c1_CTSV	2	2	2	2	2	3	3	3	3
c1_CX3CL1	2	2	2	2	2	3	3	3	3
c1_DDIAS	2	2	2	2	2	3	3	3	3
c1_DDX54	2	2	2	2	2	3	3	3	3
c1_DNAAF5	2	2	2	2	2	3	3	3	3
c1_DPPA4	2	2	2	2	2	3	3	3	3
c1_DSCC1	2	2	2	2	2	3	3	3	3
c1_DSN1	2	2	2	2	2	3	3	3	3
c1_DTL	2	2	2	2	2	3	3	3	3
c1_E2F1	2	2	2	2	2	3	3	3	3
c1_EAF2	2	2	2	2	2	3	3	3	3
c1_ECT2	2	2	2	2	2	3	3	3	3
c1_EFS	2	2	2	2	2	3	3	3	3
c1_EME1	2	2	2	2	2	3	3	3	3
c1_EMP2	2	2	2	2	2	3	3	3	3
c1_FAM129A	2	2	2	2	2	3	3	3	3
c1_FANCB	2	2	2	2	2	3	3	3	3
c1_FANCD2	2	2	2	2	2	3	3	3	3
c1_FANCI	2	2	2	2	2	3	3	3	3
c1_FBXO5	2	2	2	2	2	3	3	3	3
c1_FGD3	2	2	2	2	2	3	3	3	3
c1_FOXM1	2	2	2	2	2	3	3	3	3
c1_FST	2	2	2	2	2	3	3	3	3
c1_GAS7	2	2	2	2	2	3	3	3	3
c1_GINS4	2	2	2	2	2	3	3	3	3
c1_GPR143	2	2	2	2	2	3	3	3	3
c1_GTSE1	2	2	2	2	2	3	3	3	3
c1_H2AFX	2	2	2	2	2	3	3	3	3
c1_HAUS8	2	2	2	2	2	3	3	3	3
c1_HIST1H1B	2	2	2	2	2	3	3	3	3
c1_HJURP	2	2	2	2	2	3	3	3	3
c1_HKDC1	2	2	2	2	2	3	3	3	3
c1_HMGB2	2	2	2	2	2	3	3	3	3
c1_HMSD	2	2	2	2	2	3	3	3	3
c1_HTRA3	2	2	2	2	2	3	3	3	3
c1_IP6K3	2	2	2	2	2	3	3	3	3
c1_IRF1	2	2	2	2	2	3	3	3	3
c1_KIF11	2	2	2	2	2	3	3	3	3
c1_KIF14	2	2	2	2	2	3	3	3	3
c1_KIF15	2	2	2	2	2	3	3	3	3
c1_KIF18A	2	2	2	2	2	3	3	3	3
c1_KIF4A	2	2	2	2	2	3	3	3	3
c1_KIFC1	2	2	2	2	2	3	3	3	3
c1_KNL1	2	2	2	2	2	3	3	3	3
c1_LINC00488	2	2	2	2	2	3	3	3	3
c1_LLGL2	2	2	2	2	2	3	3	3	3
c1_LRR1	2	2	2	2	2	3	3	3	3
c1_MAD2L1	2	2	2	2	2	3	3	3	3
c1_MCM10	2	2	2	2	2	3	3	3	3
c1_MCM2	2	2	2	2	2	3	3	3	3
c1_MCM5	2	2	2	2	2	3	3	3	3
c1_MCM7	2	2	2	2	2	3	3	3	3
c1_MCUB	2	2	2	2	2	3	3	3	3
c1_MDK	2	2	2	2	2	3	3	3	3
c1_MELK	2	2	2	2	2	3	3	3	3
c1_MFAP2	2	2	2	2	2	3	3	3	3
c1_MFAP4	2	2	2	2	2	3	3	3	3
c1_MGME1	2	2	2	2	2	3	3	3	3
c1_MICALL2	2	2	2	2	2	3	3	3	3
c1_MIS18BP1	2	2	2	2	2	3	3	3	3
c1_MKI67	2	2	2	2	2	3	3	3	3
c1_MND1	2	2	2	2	2	3	3	3	3
c1_MT-CO1	2	2	2	2	2	3	3	3	3
c1_MT-CO3	2	2	2	2	2	3	3	3	3
c1_MT-ND3	2	2	2	2	2	3	3	3	3
c1_MT-ND6	2	2	2	2	2	3	3	3	3
c1_MTFR2	2	2	2	2	2	3	3	3	3
c1_MTRNR2L12	2	2	2	2	2	3	3	3	3
c1_MTRNR2L8	2	2	2	2	2	3	3	3	3
c1_MYBL2	2	2	2	2	2	3	3	3	3
c1_NALT1	2	2	2	2	2	3	3	3	3
c1_NDC80	2	2	2	2	2	3	3	3	3
c1_NEK2	2	2	2	2	2	3	3	3	3
c1_NEMP1	2	2	2	2	2	3	3	3	3
c1_NTPCR	2	2	2	2	2	3	3	3	3
c1_NUAK2	2	2	2	2	2	3	3	3	3
c1_NUDT1	2	2	2	2	2	3	3	3	3
c1_NUF2	2	2	2	2	2	3	3	3	3
c1_NUSAP1	2	2	2	2	2	3	3	3	3
c1_OIP5	2	2	2	2	2	3	3	3	3
c1_ORC6	2	2	2	2	2	3	3	3	3
c1_PBK	2	2	2	2	2	3	3	3	3
c1_PCLAF	2	2	2	2	2	3	3	3	3
c1_PHGDH	2	2	2	2	2	3	3	3	3
c1_PKMYT1	2	2	2	2	2	3	3	3	3
c1_PLEKHG6	2	2	2	2	2	3	3	3	3
c1_POC1A	2	2	2	2	2	3	3	3	3
c1_POU3F4	2	2	2	2	2	3	3	3	3
c1_PRELID2	2	2	2	2	2	3	3	3	3
c1_PSAT1	2	2	2	2	2	3	3	3	3
c1_PTTG1	2	2	2	2	2	3	3	3	3
c1_RAB11FIP1	2	2	2	2	2	3	3	3	3
c1_RAD51AP1	2	2	2	2	2	3	3	3	3
c1_RAD51C	2	2	2	2	2	3	3	3	3
c1_RARRES2	2	2	2	2	2	3	3	3	3
c1_RBPMS2	2	2	2	2	2	3	3	3	3
c1_RECQL4	2	2	2	2	2	3	3	3	3
c1_RMI2	2	2	2	2	2	3	3	3	3
c1_RPRML	2	2	2	2	2	3	3	3	3
c1_RRM2	2	2	2	2	2	3	3	3	3
c1_RTKN2	2	2	2	2	2	3	3	3	3
c1_RUNX2	2	2	2	2	2	3	3	3	3
c1_SALL4	2	2	2	2	2	3	3	3	3
c1_SCARA3	2	2	2	2	2	3	3	3	3
c1_SESN2	2	2	2	2	2	3	3	3	3
c1_SGO1	2	2	2	2	2	3	3	3	3
c1_SHCBP1	2	2	2	2	2	3	3	3	3
c1_SHMT1	2	2	2	2	2	3	3	3	3
c1_SHMT2	2	2	2	2	2	3	3	3	3
c1_SLC25A21	2	2	2	2	2	3	3	3	3
c1_SLC29A1	2	2	2	2	2	3	3	3	3
c1_SLC38A3	2	2	2	2	2	3	3	3	3
c1_SLC52A1	2	2	2	2	2	3	3	3	3
c1_SMC4	2	2	2	2	2	3	3	3	3
c1_SMIM3	2	2	2	2	2	3	3	3	3
c1_SNRPB	2	2	2	2	2	3	3	3	3
c1_SPAG5	2	2	2	2	2	3	3	3	3
c1_SPC24	2	2	2	2	2	3	3	3	3
c1_STIL	2	2	2	2	2	3	3	3	3
c1_SYNJ2	2	2	2	2	2	3	3	3	3
c1_TGFBR3	2	2	2	2	2	3	3	3	3
c1_TGM2	2	2	2	2	2	3	3	3	3
c1_TK1	2	2	2	2	2	3	3	3	3
c1_TMEM220	2	2	2	2	2	3	3	3	3
c1_TMEM92	2	2	2	2	2	3	3	3	3
c1_TNFSF10	2	2	2	2	2	3	3	3	3
c1_TNNT3	2	2	2	2	2	3	3	3	3
c1_TOP2A	2	2	2	2	2	3	3	3	3
c1_TPX2	2	2	2	2	2	3	3	3	3
c1_TRIM59	2	2	2	2	2	3	3	3	3
c1_TRIP13	2	2	2	2	2	3	3	3	3
c1_TUBA1B	2	2	2	2	2	3	3	3	3
c1_UBE2C	2	2	2	2	2	3	3	3	3
c1_VSIR	2	2	2	2	2	3	3	3	3
c1_XRCC2	2	2	2	2	2	3	3	3	3
c1_ZWINT	2	2	2	2	2	3	3	3	3
DUMMY51	-100	-100	-100	-100	-100	-100	-100	-100	-100
c1_AC002429.2	2	1	1	1	2	2	2	2	2
c1_UMODL1	2	1	1	1	2	2	2	2	2
c1_WDR86	2	1	1	1	2	2	2	2	2
c1_EYA4	2	1	1	1	2	2	2	2	2
c1_ACKR1	2	1	1	1	2	2	2	2	2
c1_SRL	2	1	1	1	2	2	2	2	2
c1_AC006012.1	2	1	1	1	2	2	2	2	2
c1_THRSP	2	1	1	1	2	2	2	2	2
c1_AL031283.1	2	1	1	1	2	2	2	2	2
c1_UPK3A	2	1	1	1	2	2	2	2	2
c1_TMEM173	2	1	1	1	2	2	2	2	2
c1_DNAJC9-AS1	2	1	1	1	2	2	2	2	2
c1_ADCK2	2	1	1	1	2	2	2	2	2
c1_TMPRSS5	2	1	1	1	2	2	2	2	2
c1_AC015982.1	2	1	1	1	2	2	2	2	2
c1_MED12L	2	1	1	1	2	2	2	2	2
c1_METTL24	2	1	1	1	2	2	2	2	2
c1_ANKK1	2	1	1	1	2	2	2	2	2
c1_AC013271.1	2	1	1	1	2	2	2	2	2
c1_SPSB4	2	1	1	1	2	2	2	2	2
c1_CLIC6	2	1	1	1	2	2	2	2	2
c1_ST3GAL6	2	1	1	1	2	2	2	2	2
c1_CLDN5	2	1	1	1	2	2	2	2	2
c1_STC1	2	1	1	1	2	2	2	2	2
c1_AC005920.1	2	1	1	1	2	2	2	2	2
c1_AL354977.2	2	1	1	1	2	2	2	2	2
c1_SLC49A3	2	1	1	1	2	2	2	2	2
c1_AC025423.4	2	1	1	1	2	2	2	2	2
c1_AL445231.1	2	1	1	1	2	2	2	2	2
c1_FAM72B	2	1	1	1	2	2	2	2	2
c1_ZBED6	2	1	1	1	2	2	2	2	2
c1_WWC2-AS2	2	1	1	1	2	2	2	2	2
c1_AC073655.1	2	1	1	1	2	2	2	2	2
c1_AL603756.1	2	1	1	1	2	2	2	2	2
c1_SLC29A4	2	1	1	1	2	2	2	2	2
c1_ZNF280B	2	1	1	1	2	2	2	2	2
c1_AL136979.1	2	1	1	1	2	2	2	2	2
c1_AL627171.2	2	1	1	1	2	2	2	2	2
c1_M1AP	2	1	1	1	2	2	2	2	2
c1_AL662884.4	2	1	1	1	2	2	2	2	2
c1_SERPINA5	2	1	1	1	2	2	2	2	2
c1_CALCA	2	1	1	1	2	2	2	2	2
c1_AL683807.1	2	1	1	1	2	2	2	2	2
c1_SCT	2	1	1	1	2	2	2	2	2
c1_AC116049.2	2	1	1	1	2	2	2	2	2
c1_ALOX15	2	1	1	1	2	2	2	2	2
c1_RPA4	2	1	1	1	2	2	2	2	2
c1_C2orf15	2	1	1	1	2	2	2	2	2
c1_HAUS7	2	1	1	1	2	2	2	2	2
c1_RCVRN	2	1	1	1	2	2	2	2	2
c1_ARID3B	2	1	1	1	2	2	2	2	2
c1_HIPK1-AS1	2	1	1	1	2	2	2	2	2
c1_RARRES1	2	1	1	1	2	2	2	2	2
c1_RAB42	2	1	1	1	2	2	2	2	2
c1_HOXA1	2	1	1	1	2	2	2	2	2
c1_PRR34-AS1	2	1	1	1	2	2	2	2	2
c1_PLEKHA2	2	1	1	1	2	2	2	2	2
c1_HOXA5	2	1	1	1	2	2	2	2	2
c1_PELI2	2	1	1	1	2	2	2	2	2
c1_OLIG3	2	1	1	1	2	2	2	2	2
c1_HOXB5	2	1	1	1	2	2	2	2	2
c1_HOXB8	2	1	1	1	2	2	2	2	2
c1_HOXD-AS2	2	1	1	1	2	2	2	2	2
c1_LEKR1	2	1	1	1	2	2	2	2	2
c1_LINC00638	2	1	1	1	2	2	2	2	2
c1_LINC01956	2	1	1	1	2	2	2	2	2
c1_LINC02381	2	1	1	1	2	2	2	2	2
c1_HOXB6	2	1	1	1	2	2	2	2	2
c1_MYRF	2	1	1	1	2	2	2	2	2
c1_AC097634.1	2	1	1	1	2	2	2	2	2
DUMMY52	-100	-100	-100	-100	-100	-100	-100	-100	-100
c1_ABCA7	1	1	1	1	1	1	2	1	1
c1_ABCB6	1	1	1	1	1	1	2	1	1
c1_AC000068.2	1	1	1	1	1	1	2	1	1
c1_AC002310.2	1	1	1	1	1	1	2	1	1
c1_AC002553.2	1	1	1	1	1	1	2	1	1
c1_AC003070.2	1	1	1	1	1	1	2	1	1
c1_AC003986.3	1	1	1	1	1	1	2	1	1
c1_AC004257.1	1	1	1	1	1	1	2	1	1
c1_AC004477.3	1	1	1	1	1	1	2	1	1
c1_AC004594.1	1	1	1	1	1	1	2	1	1
c1_AC004943.1	1	1	1	1	1	1	2	1	1
c1_AC004943.3	1	1	1	1	1	1	2	1	1
c1_AC005162.3	1	1	1	1	1	1	2	1	1
c1_AC005329.1	1	1	1	1	1	1	2	1	1
c1_AC005339.1	1	1	1	1	1	1	2	1	1
c1_AC005670.2	1	1	1	1	1	1	2	1	1
c1_AC005899.1	1	1	1	1	1	1	2	1	1
c1_AC006213.1	1	1	1	1	1	1	2	1	1
c1_AC006254.1	1	1	1	1	1	1	2	1	1
c1_AC007292.3	1	1	1	1	1	1	2	1	1
c1_AC007681.1	1	1	1	1	1	1	2	1	1
c1_AC008074.3	1	1	1	1	1	1	2	1	1
c1_AC008543.1	1	1	1	1	1	1	2	1	1
c1_AC008549.2	1	1	1	1	1	1	2	1	1
c1_AC008906.2	1	1	1	1	1	1	2	1	1
c1_AC009021.1	1	1	1	1	1	1	2	1	1
c1_AC009118.2	1	1	1	1	1	1	2	1	1
c1_AC009171.2	1	1	1	1	1	1	2	1	1
c1_AC010186.1	1	1	1	1	1	1	2	1	1
c1_AC010491.1	1	1	1	1	1	1	2	1	1
c1_AC010525.1	1	1	1	1	1	1	2	1	1
c1_AC011773.1	1	1	1	1	1	1	2	1	1
c1_AC012065.3	1	1	1	1	1	1	2	1	1
c1_AC012073.1	1	1	1	1	1	1	2	1	1
c1_AC012485.3	1	1	1	1	1	1	2	1	1
c1_AC013400.1	1	1	1	1	1	1	2	1	1
c1_AC015727.1	1	1	1	1	1	1	2	1	1
c1_AC015818.2	1	1	1	1	1	1	2	1	1
c1_AC015936.1	1	1	1	1	1	1	2	1	1
c1_AC016596.1	1	1	1	1	1	1	2	1	1
c1_AC018362.1	1	1	1	1	1	1	2	1	1
c1_AC018781.1	1	1	1	1	1	1	2	1	1
c1_AC022400.7	1	1	1	1	1	1	2	1	1
c1_AC024884.2	1	1	1	1	1	1	2	1	1
c1_AC025048.4	1	1	1	1	1	1	2	1	1
c1_AC025575.2	1	1	1	1	1	1	2	1	1
c1_AC026333.4	1	1	1	1	1	1	2	1	1
c1_AC046143.1	1	1	1	1	1	1	2	1	1
c1_AC055713.1	1	1	1	1	1	1	2	1	1
c1_AC055811.1	1	1	1	1	1	1	2	1	1
c1_AC063979.2	1	1	1	1	1	1	2	1	1
c1_AC067750.1	1	1	1	1	1	1	2	1	1
c1_AC067930.3	1	1	1	1	1	1	2	1	1
c1_AC068490.1	1	1	1	1	1	1	2	1	1
c1_AC072062.1	1	1	1	1	1	1	2	1	1
c1_AC079922.2	1	1	1	1	1	1	2	1	1
c1_AC084018.2	1	1	1	1	1	1	2	1	1
c1_AC084082.1	1	1	1	1	1	1	2	1	1
c1_AC087623.1	1	1	1	1	1	1	2	1	1
c1_AC090772.1	1	1	1	1	1	1	2	1	1
c1_AC090912.1	1	1	1	1	1	1	2	1	1
c1_AC091057.4	1	1	1	1	1	1	2	1	1
c1_AC091057.6	1	1	1	1	1	1	2	1	1
c1_AC091153.3	1	1	1	1	1	1	2	1	1
c1_AC092574.1	1	1	1	1	1	1	2	1	1
c1_AC092587.1	1	1	1	1	1	1	2	1	1
c1_AC093525.3	1	1	1	1	1	1	2	1	1
c1_AC093797.1	1	1	1	1	1	1	2	1	1
c1_AC096564.1	1	1	1	1	1	1	2	1	1
c1_AC096564.2	1	1	1	1	1	1	2	1	1
c1_AC096734.2	1	1	1	1	1	1	2	1	1
c1_AC097381.1	1	1	1	1	1	1	2	1	1
c1_AC097641.2	1	1	1	1	1	1	2	1	1
c1_AC099791.3	1	1	1	1	1	1	2	1	1
c1_AC103724.3	1	1	1	1	1	1	2	1	1
c1_AC104051.2	1	1	1	1	1	1	2	1	1
c1_AC104135.1	1	1	1	1	1	1	2	1	1
c1_AC104964.1	1	1	1	1	1	1	2	1	1
c1_AC106820.2	1	1	1	1	1	1	2	1	1
c1_AC108134.2	1	1	1	1	1	1	2	1	1
c1_AC110015.1	1	1	1	1	1	1	2	1	1
c1_AC110023.1	1	1	1	1	1	1	2	1	1
c1_AC114271.1	1	1	1	1	1	1	2	1	1
c1_AC114760.2	1	1	1	1	1	1	2	1	1
c1_AC120114.1	1	1	1	1	1	1	2	1	1
c1_AC121761.1	1	1	1	1	1	1	2	1	1
c1_AC123912.2	1	1	1	1	1	1	2	1	1
c1_AC130456.2	1	1	1	1	1	1	2	1	1
c1_AC136443.3	1	1	1	1	1	1	2	1	1
c1_AC138969.1	1	1	1	1	1	1	2	1	1
c1_AC139887.4	1	1	1	1	1	1	2	1	1
c1_AC141586.2	1	1	1	1	1	1	2	1	1
c1_AC145422.1	1	1	1	1	1	1	2	1	1
c1_AC233976.1	1	1	1	1	1	1	2	1	1
c1_AC242988.1	1	1	1	1	1	1	2	1	1
c1_AC243562.3	1	1	1	1	1	1	2	1	1
c1_ADAMTS8	1	1	1	1	1	1	2	1	1
c1_ADAMTS9-AS1	1	1	1	1	1	1	2	1	1
c1_ADCY3	1	1	1	1	1	1	2	1	1
c1_ADGRF1	1	1	1	1	1	1	2	1	1
c1_ADPRH	1	1	1	1	1	1	2	1	1
c1_AL009176.1	1	1	1	1	1	1	2	1	1
c1_AL022238.4	1	1	1	1	1	1	2	1	1
c1_AL023803.1	1	1	1	1	1	1	2	1	1
c1_AL035461.2	1	1	1	1	1	1	2	1	1
c1_AL035587.1	1	1	1	1	1	1	2	1	1
c1_AL049780.1	1	1	1	1	1	1	2	1	1
c1_AL049840.2	1	1	1	1	1	1	2	1	1
c1_AL118506.1	1	1	1	1	1	1	2	1	1
c1_AL121983.1	1	1	1	1	1	1	2	1	1
c1_AL121987.2	1	1	1	1	1	1	2	1	1
c1_AL133367.1	1	1	1	1	1	1	2	1	1
c1_AL136307.1	1	1	1	1	1	1	2	1	1
c1_AL137077.2	1	1	1	1	1	1	2	1	1
c1_AL139241.1	1	1	1	1	1	1	2	1	1
c1_AL139274.2	1	1	1	1	1	1	2	1	1
c1_AL162311.3	1	1	1	1	1	1	2	1	1
c1_AL162377.3	1	1	1	1	1	1	2	1	1
c1_AL354696.2	1	1	1	1	1	1	2	1	1
c1_AL357054.4	1	1	1	1	1	1	2	1	1
c1_AL358781.2	1	1	1	1	1	1	2	1	1
c1_AL359513.1	1	1	1	1	1	1	2	1	1
c1_AL359921.2	1	1	1	1	1	1	2	1	1
c1_AL365271.1	1	1	1	1	1	1	2	1	1
c1_AL391497.1	1	1	1	1	1	1	2	1	1
c1_AL450327.1	1	1	1	1	1	1	2	1	1
c1_AL606970.4	1	1	1	1	1	1	2	1	1
c1_AL627422.2	1	1	1	1	1	1	2	1	1
c1_AL645940.1	1	1	1	1	1	1	2	1	1
c1_AL731566.1	1	1	1	1	1	1	2	1	1
c1_AL731577.1	1	1	1	1	1	1	2	1	1
c1_ANKHD1-EIF4EBP3	1	1	1	1	1	1	2	1	1
c1_ANKLE1	1	1	1	1	1	1	2	1	1
c1_ANKRD36B	1	1	1	1	1	1	2	1	1
c1_AP000356.2	1	1	1	1	1	1	2	1	1
c1_AP000553.3	1	1	1	1	1	1	2	1	1
c1_AP001107.7	1	1	1	1	1	1	2	1	1
c1_AP001347.1	1	1	1	1	1	1	2	1	1
c1_AP001453.1	1	1	1	1	1	1	2	1	1
c1_AP003392.4	1	1	1	1	1	1	2	1	1
c1_AP003419.2	1	1	1	1	1	1	2	1	1
c1_AP006333.1	1	1	1	1	1	1	2	1	1
c1_AP1G2	1	1	1	1	1	1	2	1	1
c1_ARL17A	1	1	1	1	1	1	2	1	1
c1_ARRB2	1	1	1	1	1	1	2	1	1
c1_ASMTL-AS1	1	1	1	1	1	1	2	1	1
c1_ATP12A	1	1	1	1	1	1	2	1	1
c1_ATP8B4	1	1	1	1	1	1	2	1	1
c1_ATXN7.1	1	1	1	1	1	1	2	1	1
c1_BIRC3	1	1	1	1	1	1	2	1	1
c1_BMP8B	1	1	1	1	1	1	2	1	1
c1_BTBD18	1	1	1	1	1	1	2	1	1
c1_C12orf50	1	1	1	1	1	1	2	1	1
c1_C1orf167	1	1	1	1	1	1	2	1	1
c1_C2CD5	1	1	1	1	1	1	2	1	1
c1_C4orf51	1	1	1	1	1	1	2	1	1
c1_C6orf99	1	1	1	1	1	1	2	1	1
c1_C7orf25	1	1	1	1	1	1	2	1	1
c1_CACNA1D	1	1	1	1	1	1	2	1	1
c1_CALHM3	1	1	1	1	1	1	2	1	1
c1_CCDC171	1	1	1	1	1	1	2	1	1
c1_CCIN	1	1	1	1	1	1	2	1	1
c1_CCKBR	1	1	1	1	1	1	2	1	1
c1_CCL7	1	1	1	1	1	1	2	1	1
c1_CCSAP	1	1	1	1	1	1	2	1	1
c1_CD226	1	1	1	1	1	1	2	1	1
c1_CD300LG	1	1	1	1	1	1	2	1	1
c1_CD34	1	1	1	1	1	1	2	1	1
c1_CD83	1	1	1	1	1	1	2	1	1
c1_CDC25A	1	1	1	1	1	1	2	1	1
c1_CDRT1	1	1	1	1	1	1	2	1	1
c1_CENPJ	1	1	1	1	1	1	2	1	1
c1_CEP295NL	1	1	1	1	1	1	2	1	1
c1_CEP72	1	1	1	1	1	1	2	1	1
c1_CEP76	1	1	1	1	1	1	2	1	1
c1_CEP85	1	1	1	1	1	1	2	1	1
c1_CER1	1	1	1	1	1	1	2	1	1
c1_CHDH	1	1	1	1	1	1	2	1	1
c1_CLDN10	1	1	1	1	1	1	2	1	1
c1_CNTD1	1	1	1	1	1	1	2	1	1
c1_CRYBA2	1	1	1	1	1	1	2	1	1
c1_CTXND1	1	1	1	1	1	1	2	1	1
c1_CU634019.6	1	1	1	1	1	1	2	1	1
c1_CXorf57	1	1	1	1	1	1	2	1	1
c1_CYP46A1	1	1	1	1	1	1	2	1	1
c1_DAND5	1	1	1	1	1	1	2	1	1
c1_DAPK2	1	1	1	1	1	1	2	1	1
c1_DBNDD2	1	1	1	1	1	1	2	1	1
c1_DCST1-AS1	1	1	1	1	1	1	2	1	1
c1_DDN-AS1	1	1	1	1	1	1	2	1	1
c1_DMC1	1	1	1	1	1	1	2	1	1
c1_DNAJC22	1	1	1	1	1	1	2	1	1
c1_ECM2	1	1	1	1	1	1	2	1	1
c1_EFCAB6-AS1	1	1	1	1	1	1	2	1	1
c1_EGFL8	1	1	1	1	1	1	2	1	1
c1_EMILIN3	1	1	1	1	1	1	2	1	1
c1_ENTPD1-AS1	1	1	1	1	1	1	2	1	1
c1_ERFE	1	1	1	1	1	1	2	1	1
c1_ERICH4	1	1	1	1	1	1	2	1	1
c1_ERVH48-1	1	1	1	1	1	1	2	1	1
c1_ESAM	1	1	1	1	1	1	2	1	1
c1_ESR2	1	1	1	1	1	1	2	1	1
c1_ESRP2	1	1	1	1	1	1	2	1	1
c1_EXO5	1	1	1	1	1	1	2	1	1
c1_FAM3D-AS1	1	1	1	1	1	1	2	1	1
c1_FARP1-AS1	1	1	1	1	1	1	2	1	1
c1_FBXO48	1	1	1	1	1	1	2	1	1
c1_FGD6	1	1	1	1	1	1	2	1	1
c1_FLT4	1	1	1	1	1	1	2	1	1
c1_FOCAD-AS1	1	1	1	1	1	1	2	1	1
c1_FOXE3	1	1	1	1	1	1	2	1	1
c1_FOXL2	1	1	1	1	1	1	2	1	1
c1_FUT6	1	1	1	1	1	1	2	1	1
c1_GASAL1	1	1	1	1	1	1	2	1	1
c1_GCC2-AS1	1	1	1	1	1	1	2	1	1
c1_GLYATL2	1	1	1	1	1	1	2	1	1
c1_GNB5	1	1	1	1	1	1	2	1	1
c1_GOLGA8H	1	1	1	1	1	1	2	1	1
c1_GP1BA	1	1	1	1	1	1	2	1	1
c1_GPR3	1	1	1	1	1	1	2	1	1
c1_GRHL2	1	1	1	1	1	1	2	1	1
c1_HIST1H1D	1	1	1	1	1	1	2	1	1
c1_HIST1H2AJ	1	1	1	1	1	1	2	1	1
c1_HIST1H2AK	1	1	1	1	1	1	2	1	1
c1_HIST1H2BF	1	1	1	1	1	1	2	1	1
c1_HIST1H3A	1	1	1	1	1	1	2	1	1
c1_HLA-DPA1	1	1	1	1	1	1	2	1	1
c1_HNF1A	1	1	1	1	1	1	2	1	1
c1_HSD17B6	1	1	1	1	1	1	2	1	1
c1_HSFX1	1	1	1	1	1	1	2	1	1
c1_HSPA12A	1	1	1	1	1	1	2	1	1
c1_HSPA2	1	1	1	1	1	1	2	1	1
c1_ICAM4	1	1	1	1	1	1	2	1	1
c1_IFI27	1	1	1	1	1	1	2	1	1
c1_IL13	1	1	1	1	1	1	2	1	1
c1_IL17RB	1	1	1	1	1	1	2	1	1
c1_INCENP	1	1	1	1	1	1	2	1	1
c1_INHA	1	1	1	1	1	1	2	1	1
c1_ITIH4-AS1	1	1	1	1	1	1	2	1	1
c1_KCP	1	1	1	1	1	1	2	1	1
c1_KDM4D	1	1	1	1	1	1	2	1	1
c1_KHK	1	1	1	1	1	1	2	1	1
c1_KLHL11	1	1	1	1	1	1	2	1	1
c1_KRT7	1	1	1	1	1	1	2	1	1
c1_LHFPL1	1	1	1	1	1	1	2	1	1
c1_LHX6	1	1	1	1	1	1	2	1	1
c1_LINC00316	1	1	1	1	1	1	2	1	1
c1_LINC00323	1	1	1	1	1	1	2	1	1
c1_LINC00449	1	1	1	1	1	1	2	1	1
c1_LINC00937	1	1	1	1	1	1	2	1	1
c1_LINC01123	1	1	1	1	1	1	2	1	1
c1_LINC01358	1	1	1	1	1	1	2	1	1
c1_LINC01730	1	1	1	1	1	1	2	1	1
c1_LINC01733	1	1	1	1	1	1	2	1	1
c1_LINC01967	1	1	1	1	1	1	2	1	1
c1_LINC01981	1	1	1	1	1	1	2	1	1
c1_LINC01996	1	1	1	1	1	1	2	1	1
c1_LINC02035	1	1	1	1	1	1	2	1	1
c1_LINC02332	1	1	1	1	1	1	2	1	1
c1_LKAAEAR1	1	1	1	1	1	1	2	1	1
c1_LMNB1-DT	1	1	1	1	1	1	2	1	1
c1_LRRC4	1	1	1	1	1	1	2	1	1
c1_LRRC8C	1	1	1	1	1	1	2	1	1
c1_MC1R	1	1	1	1	1	1	2	1	1
c1_MEDAG	1	1	1	1	1	1	2	1	1
c1_MSLN	1	1	1	1	1	1	2	1	1
c1_MTUS2-AS1	1	1	1	1	1	1	2	1	1
c1_MYH3	1	1	1	1	1	1	2	1	1
c1_MYRFL	1	1	1	1	1	1	2	1	1
c1_NDOR1	1	1	1	1	1	1	2	1	1
c1_NEURL1B	1	1	1	1	1	1	2	1	1
c1_NFKBID	1	1	1	1	1	1	2	1	1
c1_NR4A2	1	1	1	1	1	1	2	1	1
c1_NXPH2	1	1	1	1	1	1	2	1	1
c1_OLAH	1	1	1	1	1	1	2	1	1
c1_OPRD1	1	1	1	1	1	1	2	1	1
c1_OR52A1	1	1	1	1	1	1	2	1	1
c1_OVCH2	1	1	1	1	1	1	2	1	1
c1_OXTR	1	1	1	1	1	1	2	1	1
c1_PAQR4	1	1	1	1	1	1	2	1	1
c1_PCDHGA11	1	1	1	1	1	1	2	1	1
c1_PCDHGA12	1	1	1	1	1	1	2	1	1
c1_PCDHGC5	1	1	1	1	1	1	2	1	1
c1_PDGFRA	1	1	1	1	1	1	2	1	1
c1_PGBD4	1	1	1	1	1	1	2	1	1
c1_POLR2J2	1	1	1	1	1	1	2	1	1
c1_POU5F1B	1	1	1	1	1	1	2	1	1
c1_PPP1R13L	1	1	1	1	1	1	2	1	1
c1_PPP1R1B	1	1	1	1	1	1	2	1	1
c1_PRKCH	1	1	1	1	1	1	2	1	1
c1_PRL	1	1	1	1	1	1	2	1	1
c1_PROB1	1	1	1	1	1	1	2	1	1
c1_PRRG2	1	1	1	1	1	1	2	1	1
c1_PRSS40A	1	1	1	1	1	1	2	1	1
c1_PSD4	1	1	1	1	1	1	2	1	1
c1_PTGDR2	1	1	1	1	1	1	2	1	1
c1_RAD21-AS1	1	1	1	1	1	1	2	1	1
c1_RAD9B	1	1	1	1	1	1	2	1	1
c1_RASA4	1	1	1	1	1	1	2	1	1
c1_RD3	1	1	1	1	1	1	2	1	1
c1_REELD1	1	1	1	1	1	1	2	1	1
c1_RLN2	1	1	1	1	1	1	2	1	1
c1_RMI1	1	1	1	1	1	1	2	1	1
c1_SCGB3A2	1	1	1	1	1	1	2	1	1
c1_SCN1B	1	1	1	1	1	1	2	1	1
c1_SERPINA10	1	1	1	1	1	1	2	1	1
c1_SFN	1	1	1	1	1	1	2	1	1
c1_SGK1	1	1	1	1	1	1	2	1	1
c1_SH3BP2	1	1	1	1	1	1	2	1	1
c1_SHISA8	1	1	1	1	1	1	2	1	1
c1_SLC25A40	1	1	1	1	1	1	2	1	1
c1_SLC26A1	1	1	1	1	1	1	2	1	1
c1_SMIM2-AS1	1	1	1	1	1	1	2	1	1
c1_SPACA6P-AS	1	1	1	1	1	1	2	1	1
c1_SPIN4	1	1	1	1	1	1	2	1	1
c1_SSTR3	1	1	1	1	1	1	2	1	1
c1_STRIP2	1	1	1	1	1	1	2	1	1
c1_SYT10	1	1	1	1	1	1	2	1	1
c1_TAS2R30	1	1	1	1	1	1	2	1	1
c1_TAS2R46	1	1	1	1	1	1	2	1	1
c1_TCERG1L-AS1	1	1	1	1	1	1	2	1	1
c1_TESK2	1	1	1	1	1	1	2	1	1
c1_TJP2	1	1	1	1	1	1	2	1	1
c1_TMEM100	1	1	1	1	1	1	2	1	1
c1_TMEM179	1	1	1	1	1	1	2	1	1
c1_TMEM44	1	1	1	1	1	1	2	1	1
c1_TMEM72	1	1	1	1	1	1	2	1	1
c1_TMSB15A	1	1	1	1	1	1	2	1	1
c1_TNFSF15	1	1	1	1	1	1	2	1	1
c1_TPH1	1	1	1	1	1	1	2	1	1
c1_TPRG1-AS1	1	1	1	1	1	1	2	1	1
c1_TRIM31	1	1	1	1	1	1	2	1	1
c1_TRPV3	1	1	1	1	1	1	2	1	1
c1_TSC22D1-AS1	1	1	1	1	1	1	2	1	1
c1_TTC13	1	1	1	1	1	1	2	1	1
c1_U62317.3	1	1	1	1	1	1	2	1	1
c1_VCX3B	1	1	1	1	1	1	2	1	1
c1_WDR72	1	1	1	1	1	1	2	1	1
c1_WNT11	1	1	1	1	1	1	2	1	1
c1_YPEL1	1	1	1	1	1	1	2	1	1
c1_ZBTB9	1	1	1	1	1	1	2	1	1
c1_ZDHHC13	1	1	1	1	1	1	2	1	1
c1_ZNF114	1	1	1	1	1	1	2	1	1
c1_ZNF410	1	1	1	1	1	1	2	1	1
c1_ZNF443	1	1	1	1	1	1	2	1	1
c1_ZNF595	1	1	1	1	1	1	2	1	1
c1_ZNF782	1	1	1	1	1	1	2	1	1
c1_ZNF845	1	1	1	1	1	1	2	1	1
c1_ZNF860	1	1	1	1	1	1	2	1	1
DUMMY53	-100	-100	-100	-100	-100	-100	-100	-100	-100
c1_AC002398.1	1	1	1	1	1	2	1	1	1
c1_AC002558.2	1	1	1	1	1	2	1	1	1
c1_AC003985.2	1	1	1	1	1	2	1	1	1
c1_AC004264.1	1	1	1	1	1	2	1	1	1
c1_AC004817.3	1	1	1	1	1	2	1	1	1
c1_AC004824.1	1	1	1	1	1	2	1	1	1
c1_AC004922.1	1	1	1	1	1	2	1	1	1
c1_AC004923.4	1	1	1	1	1	2	1	1	1
c1_AC005005.3	1	1	1	1	1	2	1	1	1
c1_AC005277.2	1	1	1	1	1	2	1	1	1
c1_AC005329.2	1	1	1	1	1	2	1	1	1
c1_AC005537.1	1	1	1	1	1	2	1	1	1
c1_AC006064.3	1	1	1	1	1	2	1	1	1
c1_AC006111.3	1	1	1	1	1	2	1	1	1
c1_AC006252.1	1	1	1	1	1	2	1	1	1
c1_AC006372.1	1	1	1	1	1	2	1	1	1
c1_AC007557.3	1	1	1	1	1	2	1	1	1
c1_AC007563.1	1	1	1	1	1	2	1	1	1
c1_AC007773.1	1	1	1	1	1	2	1	1	1
c1_AC008060.1	1	1	1	1	1	2	1	1	1
c1_AC008147.1	1	1	1	1	1	2	1	1	1
c1_AC008972.2	1	1	1	1	1	2	1	1	1
c1_AC009041.2	1	1	1	1	1	2	1	1	1
c1_AC009110.1	1	1	1	1	1	2	1	1	1
c1_AC009120.3	1	1	1	1	1	2	1	1	1
c1_AC009271.1	1	1	1	1	1	2	1	1	1
c1_AC009336.2	1	1	1	1	1	2	1	1	1
c1_AC009404.1	1	1	1	1	1	2	1	1	1
c1_AC009720.1	1	1	1	1	1	2	1	1	1
c1_AC010273.1	1	1	1	1	1	2	1	1	1
c1_AC010425.1	1	1	1	1	1	2	1	1	1
c1_AC010761.1	1	1	1	1	1	2	1	1	1
c1_AC010997.5	1	1	1	1	1	2	1	1	1
c1_AC011498.4	1	1	1	1	1	2	1	1	1
c1_AC011921.1	1	1	1	1	1	2	1	1	1
c1_AC011997.1	1	1	1	1	1	2	1	1	1
c1_AC012377.1	1	1	1	1	1	2	1	1	1
c1_AC012640.1	1	1	1	1	1	2	1	1	1
c1_AC015813.2	1	1	1	1	1	2	1	1	1
c1_AC015813.3	1	1	1	1	1	2	1	1	1
c1_AC015908.2	1	1	1	1	1	2	1	1	1
c1_AC015969.1	1	1	1	1	1	2	1	1	1
c1_AC016394.1	1	1	1	1	1	2	1	1	1
c1_AC016629.2	1	1	1	1	1	2	1	1	1
c1_AC016831.1	1	1	1	1	1	2	1	1	1
c1_AC017033.1	1	1	1	1	1	2	1	1	1
c1_AC017083.1	1	1	1	1	1	2	1	1	1
c1_AC017104.3	1	1	1	1	1	2	1	1	1
c1_AC020915.5	1	1	1	1	1	2	1	1	1
c1_AC021016.3	1	1	1	1	1	2	1	1	1
c1_AC021683.2	1	1	1	1	1	2	1	1	1
c1_AC021683.3	1	1	1	1	1	2	1	1	1
c1_AC022031.1	1	1	1	1	1	2	1	1	1
c1_AC022146.2	1	1	1	1	1	2	1	1	1
c1_AC023908.3	1	1	1	1	1	2	1	1	1
c1_AC024270.2	1	1	1	1	1	2	1	1	1
c1_AC024475.1	1	1	1	1	1	2	1	1	1
c1_AC024581.1	1	1	1	1	1	2	1	1	1
c1_AC027607.1	1	1	1	1	1	2	1	1	1
c1_AC034195.1	1	1	1	1	1	2	1	1	1
c1_AC037487.2	1	1	1	1	1	2	1	1	1
c1_AC061975.7	1	1	1	1	1	2	1	1	1
c1_AC064807.1	1	1	1	1	1	2	1	1	1
c1_AC068057.1	1	1	1	1	1	2	1	1	1
c1_AC069281.1	1	1	1	1	1	2	1	1	1
c1_AC073569.1	1	1	1	1	1	2	1	1	1
c1_AC073641.1	1	1	1	1	1	2	1	1	1
c1_AC079328.2	1	1	1	1	1	2	1	1	1
c1_AC083841.1	1	1	1	1	1	2	1	1	1
c1_AC083843.3	1	1	1	1	1	2	1	1	1
c1_AC084018.1	1	1	1	1	1	2	1	1	1
c1_AC087289.4	1	1	1	1	1	2	1	1	1
c1_AC089983.1	1	1	1	1	1	2	1	1	1
c1_AC090001.1	1	1	1	1	1	2	1	1	1
c1_AC090617.3	1	1	1	1	1	2	1	1	1
c1_AC090970.2	1	1	1	1	1	2	1	1	1
c1_AC091057.2	1	1	1	1	1	2	1	1	1
c1_AC091138.1	1	1	1	1	1	2	1	1	1
c1_AC092112.1	1	1	1	1	1	2	1	1	1
c1_AC092287.1	1	1	1	1	1	2	1	1	1
c1_AC092667.1	1	1	1	1	1	2	1	1	1
c1_AC093799.1	1	1	1	1	1	2	1	1	1
c1_AC095033.1	1	1	1	1	1	2	1	1	1
c1_AC095060.1	1	1	1	1	1	2	1	1	1
c1_AC097534.1	1	1	1	1	1	2	1	1	1
c1_AC097634.3	1	1	1	1	1	2	1	1	1
c1_AC097724.1	1	1	1	1	1	2	1	1	1
c1_AC098484.3	1	1	1	1	1	2	1	1	1
c1_AC103563.7	1	1	1	1	1	2	1	1	1
c1_AC103702.2	1	1	1	1	1	2	1	1	1
c1_AC103957.2	1	1	1	1	1	2	1	1	1
c1_AC104170.2	1	1	1	1	1	2	1	1	1
c1_AC104316.2	1	1	1	1	1	2	1	1	1
c1_AC104596.1	1	1	1	1	1	2	1	1	1
c1_AC104695.2	1	1	1	1	1	2	1	1	1
c1_AC105020.1	1	1	1	1	1	2	1	1	1
c1_AC105094.2	1	1	1	1	1	2	1	1	1
c1_AC105460.2	1	1	1	1	1	2	1	1	1
c1_AC106798.1	1	1	1	1	1	2	1	1	1
c1_AC106799.3	1	1	1	1	1	2	1	1	1
c1_AC107959.4	1	1	1	1	1	2	1	1	1
c1_AC108488.1	1	1	1	1	1	2	1	1	1
c1_AC108863.1	1	1	1	1	1	2	1	1	1
c1_AC110285.2	1	1	1	1	1	2	1	1	1
c1_AC110285.6	1	1	1	1	1	2	1	1	1
c1_AC112250.2	1	1	1	1	1	2	1	1	1
c1_AC113404.1	1	1	1	1	1	2	1	1	1
c1_AC116366.1	1	1	1	1	1	2	1	1	1
c1_AC126175.1	1	1	1	1	1	2	1	1	1
c1_AC126773.2	1	1	1	1	1	2	1	1	1
c1_AC129507.4	1	1	1	1	1	2	1	1	1
c1_AC131097.2	1	1	1	1	1	2	1	1	1
c1_AC131971.1	1	1	1	1	1	2	1	1	1
c1_AC145207.6	1	1	1	1	1	2	1	1	1
c1_AC239585.2	1	1	1	1	1	2	1	1	1
c1_AC239803.1	1	1	1	1	1	2	1	1	1
c1_AC243654.1	1	1	1	1	1	2	1	1	1
c1_AC243830.1	1	1	1	1	1	2	1	1	1
c1_AC243964.2	1	1	1	1	1	2	1	1	1
c1_AC244197.2	1	1	1	1	1	2	1	1	1
c1_AC245052.7	1	1	1	1	1	2	1	1	1
c1_ACADL	1	1	1	1	1	2	1	1	1
c1_ACP5	1	1	1	1	1	2	1	1	1
c1_ACSBG1	1	1	1	1	1	2	1	1	1
c1_ACTN1-AS1	1	1	1	1	1	2	1	1	1
c1_ACTN2	1	1	1	1	1	2	1	1	1
c1_ADA2	1	1	1	1	1	2	1	1	1
c1_ADCYAP1R1	1	1	1	1	1	2	1	1	1
c1_ADGRD1	1	1	1	1	1	2	1	1	1
c1_ADGRE5	1	1	1	1	1	2	1	1	1
c1_AJ239322.1	1	1	1	1	1	2	1	1	1
c1_AL031432.5	1	1	1	1	1	2	1	1	1
c1_AL033527.5	1	1	1	1	1	2	1	1	1
c1_AL096865.1	1	1	1	1	1	2	1	1	1
c1_AL110115.2	1	1	1	1	1	2	1	1	1
c1_AL121787.1	1	1	1	1	1	2	1	1	1
c1_AL121809.1	1	1	1	1	1	2	1	1	1
c1_AL133343.2	1	1	1	1	1	2	1	1	1
c1_AL133370.1	1	1	1	1	1	2	1	1	1
c1_AL133415.1	1	1	1	1	1	2	1	1	1
c1_AL137002.2	1	1	1	1	1	2	1	1	1
c1_AL137246.2	1	1	1	1	1	2	1	1	1
c1_AL138921.1	1	1	1	1	1	2	1	1	1
c1_AL138995.1	1	1	1	1	1	2	1	1	1
c1_AL139289.2	1	1	1	1	1	2	1	1	1
c1_AL139317.3	1	1	1	1	1	2	1	1	1
c1_AL139412.1	1	1	1	1	1	2	1	1	1
c1_AL162741.1	1	1	1	1	1	2	1	1	1
c1_AL354861.3	1	1	1	1	1	2	1	1	1
c1_AL354977.1	1	1	1	1	1	2	1	1	1
c1_AL359091.1	1	1	1	1	1	2	1	1	1
c1_AL359232.1	1	1	1	1	1	2	1	1	1
c1_AL359644.1	1	1	1	1	1	2	1	1	1
c1_AL365181.4	1	1	1	1	1	2	1	1	1
c1_AL365259.1	1	1	1	1	1	2	1	1	1
c1_AL390037.1	1	1	1	1	1	2	1	1	1
c1_AL445307.1	1	1	1	1	1	2	1	1	1
c1_AL450306.1	1	1	1	1	1	2	1	1	1
c1_AL451069.1	1	1	1	1	1	2	1	1	1
c1_AL592166.1	1	1	1	1	1	2	1	1	1
c1_AL662796.1	1	1	1	1	1	2	1	1	1
c1_AL683807.2	1	1	1	1	1	2	1	1	1
c1_AL731569.1	1	1	1	1	1	2	1	1	1
c1_ALDH3A1	1	1	1	1	1	2	1	1	1
c1_ALOX5	1	1	1	1	1	2	1	1	1
c1_ALPK1	1	1	1	1	1	2	1	1	1
c1_ALPL	1	1	1	1	1	2	1	1	1
c1_AMIGO3	1	1	1	1	1	2	1	1	1
c1_ANKRD20A3	1	1	1	1	1	2	1	1	1
c1_AP000866.1	1	1	1	1	1	2	1	1	1
c1_AP001266.1	1	1	1	1	1	2	1	1	1
c1_AP001318.2	1	1	1	1	1	2	1	1	1
c1_AP001439.1	1	1	1	1	1	2	1	1	1
c1_AP001596.1	1	1	1	1	1	2	1	1	1
c1_AP001626.1	1	1	1	1	1	2	1	1	1
c1_AP001830.1	1	1	1	1	1	2	1	1	1
c1_AP002409.1	1	1	1	1	1	2	1	1	1
c1_AP002907.1	1	1	1	1	1	2	1	1	1
c1_AP003108.2	1	1	1	1	1	2	1	1	1
c1_AP005329.1	1	1	1	1	1	2	1	1	1
c1_APLN	1	1	1	1	1	2	1	1	1
c1_APLNR	1	1	1	1	1	2	1	1	1
c1_APOBEC3H	1	1	1	1	1	2	1	1	1
c1_APOL3	1	1	1	1	1	2	1	1	1
c1_AQP10	1	1	1	1	1	2	1	1	1
c1_ARAP3	1	1	1	1	1	2	1	1	1
c1_ARHGAP20	1	1	1	1	1	2	1	1	1
c1_ARHGAP25	1	1	1	1	1	2	1	1	1
c1_ARHGEF25	1	1	1	1	1	2	1	1	1
c1_ARL5C	1	1	1	1	1	2	1	1	1
c1_AS3MT	1	1	1	1	1	2	1	1	1
c1_ASCL5	1	1	1	1	1	2	1	1	1
c1_ASNS	1	1	1	1	1	2	1	1	1
c1_ASPG	1	1	1	1	1	2	1	1	1
c1_ASS1	1	1	1	1	1	2	1	1	1
c1_ATP6V1B1-AS1	1	1	1	1	1	2	1	1	1
c1_AURKC	1	1	1	1	1	2	1	1	1
c1_B4GALNT3	1	1	1	1	1	2	1	1	1
c1_BAALC-AS2	1	1	1	1	1	2	1	1	1
c1_BAIAP2L1	1	1	1	1	1	2	1	1	1
c1_BANK1	1	1	1	1	1	2	1	1	1
c1_BCL2L11	1	1	1	1	1	2	1	1	1
c1_BCR	1	1	1	1	1	2	1	1	1
c1_BEND5	1	1	1	1	1	2	1	1	1
c1_BHMT2	1	1	1	1	1	2	1	1	1
c1_BLID	1	1	1	1	1	2	1	1	1
c1_BX323043.1	1	1	1	1	1	2	1	1	1
c1_C12orf77	1	1	1	1	1	2	1	1	1
c1_C17orf49	1	1	1	1	1	2	1	1	1
c1_C19orf66	1	1	1	1	1	2	1	1	1
c1_C1QL4	1	1	1	1	1	2	1	1	1
c1_C1QTNF9	1	1	1	1	1	2	1	1	1
c1_C3orf20	1	1	1	1	1	2	1	1	1
c1_C8orf88	1	1	1	1	1	2	1	1	1
c1_C9orf153	1	1	1	1	1	2	1	1	1
c1_CA3-AS1	1	1	1	1	1	2	1	1	1
c1_CA8	1	1	1	1	1	2	1	1	1
c1_CALB2	1	1	1	1	1	2	1	1	1
c1_CAMK2N1	1	1	1	1	1	2	1	1	1
c1_CAMKV	1	1	1	1	1	2	1	1	1
c1_CAPN3	1	1	1	1	1	2	1	1	1
c1_CAPN5	1	1	1	1	1	2	1	1	1
c1_CARD10	1	1	1	1	1	2	1	1	1
c1_CASP1	1	1	1	1	1	2	1	1	1
c1_CBSL	1	1	1	1	1	2	1	1	1
c1_CCDC136	1	1	1	1	1	2	1	1	1
c1_CCDC152	1	1	1	1	1	2	1	1	1
c1_CCDC163	1	1	1	1	1	2	1	1	1
c1_CCDC184	1	1	1	1	1	2	1	1	1
c1_CCDC192	1	1	1	1	1	2	1	1	1
c1_CCDC33	1	1	1	1	1	2	1	1	1
c1_CCDC89	1	1	1	1	1	2	1	1	1
c1_CCL4	1	1	1	1	1	2	1	1	1
c1_CCR7	1	1	1	1	1	2	1	1	1
c1_CD74	1	1	1	1	1	2	1	1	1
c1_CD79A	1	1	1	1	1	2	1	1	1
c1_CEBPA-DT	1	1	1	1	1	2	1	1	1
c1_CHAC1	1	1	1	1	1	2	1	1	1
c1_CLSTN3	1	1	1	1	1	2	1	1	1
c1_CNGA3	1	1	1	1	1	2	1	1	1
c1_CNPY1	1	1	1	1	1	2	1	1	1
c1_CNTFR	1	1	1	1	1	2	1	1	1
c1_COL14A1	1	1	1	1	1	2	1	1	1
c1_CORO2B	1	1	1	1	1	2	1	1	1
c1_CORO7	1	1	1	1	1	2	1	1	1
c1_COX4I2	1	1	1	1	1	2	1	1	1
c1_CPED1	1	1	1	1	1	2	1	1	1
c1_CR381653.1	1	1	1	1	1	2	1	1	1
c1_CREB3L1	1	1	1	1	1	2	1	1	1
c1_CRYGC	1	1	1	1	1	2	1	1	1
c1_CRYGD	1	1	1	1	1	2	1	1	1
c1_CRYGN	1	1	1	1	1	2	1	1	1
c1_CSF2RA	1	1	1	1	1	2	1	1	1
c1_CSTF3-DT	1	1	1	1	1	2	1	1	1
c1_CTH	1	1	1	1	1	2	1	1	1
c1_CXCL11	1	1	1	1	1	2	1	1	1
c1_CXCL17	1	1	1	1	1	2	1	1	1
c1_CXCR4	1	1	1	1	1	2	1	1	1
c1_DACH1	1	1	1	1	1	2	1	1	1
c1_DCUN1D2-AS	1	1	1	1	1	2	1	1	1
c1_DDIT4-AS1	1	1	1	1	1	2	1	1	1
c1_DDIT4L	1	1	1	1	1	2	1	1	1
c1_DES	1	1	1	1	1	2	1	1	1
c1_DHRS2	1	1	1	1	1	2	1	1	1
c1_DIO3	1	1	1	1	1	2	1	1	1
c1_DKK1	1	1	1	1	1	2	1	1	1
c1_DLK1	1	1	1	1	1	2	1	1	1
c1_DNLZ	1	1	1	1	1	2	1	1	1
c1_DOCK2	1	1	1	1	1	2	1	1	1
c1_DPF3	1	1	1	1	1	2	1	1	1
c1_DPPA3	1	1	1	1	1	2	1	1	1
c1_DSG3	1	1	1	1	1	2	1	1	1
c1_DUSP4	1	1	1	1	1	2	1	1	1
c1_ECM1	1	1	1	1	1	2	1	1	1
c1_EDN2	1	1	1	1	1	2	1	1	1
c1_EID3	1	1	1	1	1	2	1	1	1
c1_ELL3	1	1	1	1	1	2	1	1	1
c1_ELN	1	1	1	1	1	2	1	1	1
c1_ELOVL6	1	1	1	1	1	2	1	1	1
c1_ELSPBP1	1	1	1	1	1	2	1	1	1
c1_EMID1	1	1	1	1	1	2	1	1	1
c1_EMILIN1	1	1	1	1	1	2	1	1	1
c1_EMX1	1	1	1	1	1	2	1	1	1
c1_ENG	1	1	1	1	1	2	1	1	1
c1_ENO3	1	1	1	1	1	2	1	1	1
c1_EPHA6	1	1	1	1	1	2	1	1	1
c1_ERICH2	1	1	1	1	1	2	1	1	1
c1_ETNK2	1	1	1	1	1	2	1	1	1
c1_EXOC3L2	1	1	1	1	1	2	1	1	1
c1_EXOG	1	1	1	1	1	2	1	1	1
c1_FADS3	1	1	1	1	1	2	1	1	1
c1_FAM167B	1	1	1	1	1	2	1	1	1
c1_FAM186B	1	1	1	1	1	2	1	1	1
c1_FAM19A3	1	1	1	1	1	2	1	1	1
c1_FAM241B	1	1	1	1	1	2	1	1	1
c1_FAM83E	1	1	1	1	1	2	1	1	1
c1_FAM84A	1	1	1	1	1	2	1	1	1
c1_FAM90A1	1	1	1	1	1	2	1	1	1
c1_FASTKD1	1	1	1	1	1	2	1	1	1
c1_FBXO17	1	1	1	1	1	2	1	1	1
c1_FBXW12	1	1	1	1	1	2	1	1	1
c1_FNDC5	1	1	1	1	1	2	1	1	1
c1_FOXD4L6	1	1	1	1	1	2	1	1	1
c1_FOXI3	1	1	1	1	1	2	1	1	1
c1_FOXL1	1	1	1	1	1	2	1	1	1
c1_FTCD	1	1	1	1	1	2	1	1	1
c1_FUT5	1	1	1	1	1	2	1	1	1
c1_GABRA2	1	1	1	1	1	2	1	1	1
c1_GABRD	1	1	1	1	1	2	1	1	1
c1_GADD45G	1	1	1	1	1	2	1	1	1
c1_GBX2	1	1	1	1	1	2	1	1	1
c1_GCNT7	1	1	1	1	1	2	1	1	1
c1_GJB7	1	1	1	1	1	2	1	1	1
c1_GJC2	1	1	1	1	1	2	1	1	1
c1_GLI2	1	1	1	1	1	2	1	1	1
c1_GMDS	1	1	1	1	1	2	1	1	1
c1_GNGT1	1	1	1	1	1	2	1	1	1
c1_GPR18	1	1	1	1	1	2	1	1	1
c1_GREB1	1	1	1	1	1	2	1	1	1
c1_GRIP2	1	1	1	1	1	2	1	1	1
c1_GSTO2	1	1	1	1	1	2	1	1	1
c1_GUCA1A	1	1	1	1	1	2	1	1	1
c1_H1F0	1	1	1	1	1	2	1	1	1
c1_H3F3C	1	1	1	1	1	2	1	1	1
c1_HAGLR	1	1	1	1	1	2	1	1	1
c1_HAGLROS	1	1	1	1	1	2	1	1	1
c1_HAP1	1	1	1	1	1	2	1	1	1
c1_HCRT	1	1	1	1	1	2	1	1	1
c1_HDHD5-AS1	1	1	1	1	1	2	1	1	1
c1_HIF1A-AS1	1	1	1	1	1	2	1	1	1
c1_HIST1H2AB	1	1	1	1	1	2	1	1	1
c1_HLA-DQB1	1	1	1	1	1	2	1	1	1
c1_HLA-DRB1	1	1	1	1	1	2	1	1	1
c1_HMOX1	1	1	1	1	1	2	1	1	1
c1_HOXA10	1	1	1	1	1	2	1	1	1
c1_HOXA10-AS	1	1	1	1	1	2	1	1	1
c1_HOXA6	1	1	1	1	1	2	1	1	1
c1_HOXA9	1	1	1	1	1	2	1	1	1
c1_HOXC-AS1	1	1	1	1	1	2	1	1	1
c1_HOXC10	1	1	1	1	1	2	1	1	1
c1_HOXC6	1	1	1	1	1	2	1	1	1
c1_HOXC9	1	1	1	1	1	2	1	1	1
c1_HOXD8	1	1	1	1	1	2	1	1	1
c1_HPN	1	1	1	1	1	2	1	1	1
c1_IDH3A	1	1	1	1	1	2	1	1	1
c1_IL11	1	1	1	1	1	2	1	1	1
c1_IL17RD	1	1	1	1	1	2	1	1	1
c1_IL1A	1	1	1	1	1	2	1	1	1
c1_IL27RA	1	1	1	1	1	2	1	1	1
c1_ITPK1	1	1	1	1	1	2	1	1	1
c1_KCNA3	1	1	1	1	1	2	1	1	1
c1_KCNA7	1	1	1	1	1	2	1	1	1
c1_KCNJ10	1	1	1	1	1	2	1	1	1
c1_KCNK12	1	1	1	1	1	2	1	1	1
c1_KCNQ1-AS1	1	1	1	1	1	2	1	1	1
c1_KCNQ1DN	1	1	1	1	1	2	1	1	1
c1_KCNQ2	1	1	1	1	1	2	1	1	1
c1_KF459542.1	1	1	1	1	1	2	1	1	1
c1_KLF15	1	1	1	1	1	2	1	1	1
c1_KLRC2	1	1	1	1	1	2	1	1	1
c1_KRTAP5-7	1	1	1	1	1	2	1	1	1
c1_LAIR1	1	1	1	1	1	2	1	1	1
c1_LAMC3	1	1	1	1	1	2	1	1	1
c1_LAMP5	1	1	1	1	1	2	1	1	1
c1_LBP	1	1	1	1	1	2	1	1	1
c1_LCN1	1	1	1	1	1	2	1	1	1
c1_LCN15	1	1	1	1	1	2	1	1	1
c1_LCP2	1	1	1	1	1	2	1	1	1
c1_LINC00102	1	1	1	1	1	2	1	1	1
c1_LINC00237	1	1	1	1	1	2	1	1	1
c1_LINC00891	1	1	1	1	1	2	1	1	1
c1_LINC00940	1	1	1	1	1	2	1	1	1
c1_LINC00954	1	1	1	1	1	2	1	1	1
c1_LINC00964	1	1	1	1	1	2	1	1	1
c1_LINC01030	1	1	1	1	1	2	1	1	1
c1_LINC01068	1	1	1	1	1	2	1	1	1
c1_LINC01114	1	1	1	1	1	2	1	1	1
c1_LINC01116	1	1	1	1	1	2	1	1	1
c1_LINC01126	1	1	1	1	1	2	1	1	1
c1_LINC01173	1	1	1	1	1	2	1	1	1
c1_LINC01351	1	1	1	1	1	2	1	1	1
c1_LINC01481	1	1	1	1	1	2	1	1	1
c1_LINC01492	1	1	1	1	1	2	1	1	1
c1_LINC01503	1	1	1	1	1	2	1	1	1
c1_LINC01630	1	1	1	1	1	2	1	1	1
c1_LINC01637	1	1	1	1	1	2	1	1	1
c1_LINC01748	1	1	1	1	1	2	1	1	1
c1_LINC01770	1	1	1	1	1	2	1	1	1
c1_LINC01807	1	1	1	1	1	2	1	1	1
c1_LINC01816	1	1	1	1	1	2	1	1	1
c1_LINC01905	1	1	1	1	1	2	1	1	1
c1_LINC01978	1	1	1	1	1	2	1	1	1
c1_LINC02078	1	1	1	1	1	2	1	1	1
c1_LINC02253	1	1	1	1	1	2	1	1	1
c1_LINC02356	1	1	1	1	1	2	1	1	1
c1_LINC02387	1	1	1	1	1	2	1	1	1
c1_LINC02388	1	1	1	1	1	2	1	1	1
c1_LINC02525	1	1	1	1	1	2	1	1	1
c1_LINC02538	1	1	1	1	1	2	1	1	1
c1_LINC02542	1	1	1	1	1	2	1	1	1
c1_LINC02560	1	1	1	1	1	2	1	1	1
c1_LINC02575	1	1	1	1	1	2	1	1	1
c1_LINC02580	1	1	1	1	1	2	1	1	1
c1_LIPE	1	1	1	1	1	2	1	1	1
c1_LIX1	1	1	1	1	1	2	1	1	1
c1_LPAR5	1	1	1	1	1	2	1	1	1
c1_LRCOL1	1	1	1	1	1	2	1	1	1
c1_LRRC75B	1	1	1	1	1	2	1	1	1
c1_LRRC8C-DT	1	1	1	1	1	2	1	1	1
c1_LST1	1	1	1	1	1	2	1	1	1
c1_LURAP1	1	1	1	1	1	2	1	1	1
c1_LYNX1-SLURP2	1	1	1	1	1	2	1	1	1
c1_MAEL	1	1	1	1	1	2	1	1	1
c1_MAP1LC3C	1	1	1	1	1	2	1	1	1
c1_MATN1-AS1	1	1	1	1	1	2	1	1	1
c1_MB	1	1	1	1	1	2	1	1	1
c1_METAP1	1	1	1	1	1	2	1	1	1
c1_MFHAS1	1	1	1	1	1	2	1	1	1
c1_MIAT	1	1	1	1	1	2	1	1	1
c1_MIIP	1	1	1	1	1	2	1	1	1
c1_MIOX	1	1	1	1	1	2	1	1	1
c1_MIR222HG	1	1	1	1	1	2	1	1	1
c1_MIR670HG	1	1	1	1	1	2	1	1	1
c1_MN1	1	1	1	1	1	2	1	1	1
c1_MPPED1	1	1	1	1	1	2	1	1	1
c1_MUC6	1	1	1	1	1	2	1	1	1
c1_MYCBPAP	1	1	1	1	1	2	1	1	1
c1_MYCN	1	1	1	1	1	2	1	1	1
c1_MYCNOS	1	1	1	1	1	2	1	1	1
c1_MYMX	1	1	1	1	1	2	1	1	1
c1_MYOM2	1	1	1	1	1	2	1	1	1
c1_MYOM3	1	1	1	1	1	2	1	1	1
c1_MYOZ1	1	1	1	1	1	2	1	1	1
c1_MYOZ2	1	1	1	1	1	2	1	1	1
c1_NAALADL1	1	1	1	1	1	2	1	1	1
c1_NAT2	1	1	1	1	1	2	1	1	1
c1_NBPF3	1	1	1	1	1	2	1	1	1
c1_NCF1	1	1	1	1	1	2	1	1	1
c1_NDP	1	1	1	1	1	2	1	1	1
c1_NECAB1	1	1	1	1	1	2	1	1	1
c1_NEUROG1	1	1	1	1	1	2	1	1	1
c1_NFATC4	1	1	1	1	1	2	1	1	1
c1_NGFR	1	1	1	1	1	2	1	1	1
c1_NKD2	1	1	1	1	1	2	1	1	1
c1_NKX6-2	1	1	1	1	1	2	1	1	1
c1_NLGN2	1	1	1	1	1	2	1	1	1
c1_NLRC4	1	1	1	1	1	2	1	1	1
c1_NME8	1	1	1	1	1	2	1	1	1
c1_NOXRED1	1	1	1	1	1	2	1	1	1
c1_NPHP3-AS1	1	1	1	1	1	2	1	1	1
c1_NPIPB4	1	1	1	1	1	2	1	1	1
c1_NT5M	1	1	1	1	1	2	1	1	1
c1_NTS	1	1	1	1	1	2	1	1	1
c1_NUAK1	1	1	1	1	1	2	1	1	1
c1_OGDHL	1	1	1	1	1	2	1	1	1
c1_OLIG2	1	1	1	1	1	2	1	1	1
c1_OR10K1	1	1	1	1	1	2	1	1	1
c1_OR13A1	1	1	1	1	1	2	1	1	1
c1_OR51B5	1	1	1	1	1	2	1	1	1
c1_OR52H1	1	1	1	1	1	2	1	1	1
c1_OR7C1	1	1	1	1	1	2	1	1	1
c1_OSTN	1	1	1	1	1	2	1	1	1
c1_PANK1	1	1	1	1	1	2	1	1	1
c1_PBX3	1	1	1	1	1	2	1	1	1
c1_PCDHGA7	1	1	1	1	1	2	1	1	1
c1_PDE6C	1	1	1	1	1	2	1	1	1
c1_PDGFB	1	1	1	1	1	2	1	1	1
c1_PEG3	1	1	1	1	1	2	1	1	1
c1_PELI3	1	1	1	1	1	2	1	1	1
c1_PGA3	1	1	1	1	1	2	1	1	1
c1_PHYHIPL	1	1	1	1	1	2	1	1	1
c1_PIK3R5	1	1	1	1	1	2	1	1	1
c1_PINLYP	1	1	1	1	1	2	1	1	1
c1_PKD2L1	1	1	1	1	1	2	1	1	1
c1_PKP2	1	1	1	1	1	2	1	1	1
c1_PLAU	1	1	1	1	1	2	1	1	1
c1_PLCB2	1	1	1	1	1	2	1	1	1
c1_PLIN5	1	1	1	1	1	2	1	1	1
c1_PLN	1	1	1	1	1	2	1	1	1
c1_PLXNB3	1	1	1	1	1	2	1	1	1
c1_POU6F2-AS2	1	1	1	1	1	2	1	1	1
c1_PRAME	1	1	1	1	1	2	1	1	1
c1_PRELP	1	1	1	1	1	2	1	1	1
c1_PRKCD	1	1	1	1	1	2	1	1	1
c1_PRR12	1	1	1	1	1	2	1	1	1
c1_PRRT3-AS1	1	1	1	1	1	2	1	1	1
c1_PRRX1	1	1	1	1	1	2	1	1	1
c1_PRSS48	1	1	1	1	1	2	1	1	1
c1_PTPRE	1	1	1	1	1	2	1	1	1
c1_PTPRJ	1	1	1	1	1	2	1	1	1
c1_PVALB	1	1	1	1	1	2	1	1	1
c1_RAB3IL1	1	1	1	1	1	2	1	1	1
c1_RAC2	1	1	1	1	1	2	1	1	1
c1_RAET1E-AS1	1	1	1	1	1	2	1	1	1
c1_RASAL3	1	1	1	1	1	2	1	1	1
c1_RFPL3S	1	1	1	1	1	2	1	1	1
c1_RGS16	1	1	1	1	1	2	1	1	1
c1_RHBDL3	1	1	1	1	1	2	1	1	1
c1_RHCG	1	1	1	1	1	2	1	1	1
c1_RHOF	1	1	1	1	1	2	1	1	1
c1_RIMS2	1	1	1	1	1	2	1	1	1
c1_RNASE1	1	1	1	1	1	2	1	1	1
c1_RNF165	1	1	1	1	1	2	1	1	1
c1_ROBO3	1	1	1	1	1	2	1	1	1
c1_ROCR	1	1	1	1	1	2	1	1	1
c1_RP1L1	1	1	1	1	1	2	1	1	1
c1_RPRM	1	1	1	1	1	2	1	1	1
c1_S1PR5	1	1	1	1	1	2	1	1	1
c1_SAP30L-AS1	1	1	1	1	1	2	1	1	1
c1_SEMA3G	1	1	1	1	1	2	1	1	1
c1_SEMA6C	1	1	1	1	1	2	1	1	1
c1_SFRP2	1	1	1	1	1	2	1	1	1
c1_SHISAL2A	1	1	1	1	1	2	1	1	1
c1_SIGLEC11	1	1	1	1	1	2	1	1	1
c1_SIPA1L3	1	1	1	1	1	2	1	1	1
c1_SLC13A3	1	1	1	1	1	2	1	1	1
c1_SLC25A32	1	1	1	1	1	2	1	1	1
c1_SLC2A4	1	1	1	1	1	2	1	1	1
c1_SLC2A5	1	1	1	1	1	2	1	1	1
c1_SLC30A2	1	1	1	1	1	2	1	1	1
c1_SLC35D3	1	1	1	1	1	2	1	1	1
c1_SLC35G1	1	1	1	1	1	2	1	1	1
c1_SLC38A1	1	1	1	1	1	2	1	1	1
c1_SLC38A4	1	1	1	1	1	2	1	1	1
c1_SLC38A8	1	1	1	1	1	2	1	1	1
c1_SLC39A4	1	1	1	1	1	2	1	1	1
c1_SLC6A1	1	1	1	1	1	2	1	1	1
c1_SLITRK2	1	1	1	1	1	2	1	1	1
c1_SMC1B	1	1	1	1	1	2	1	1	1
c1_SMYD5	1	1	1	1	1	2	1	1	1
c1_SNCG	1	1	1	1	1	2	1	1	1
c1_SNX20	1	1	1	1	1	2	1	1	1
c1_SORCS3	1	1	1	1	1	2	1	1	1
c1_SORD	1	1	1	1	1	2	1	1	1
c1_SOSTDC1	1	1	1	1	1	2	1	1	1
c1_SOX5	1	1	1	1	1	2	1	1	1
c1_SOX8	1	1	1	1	1	2	1	1	1
c1_SP8	1	1	1	1	1	2	1	1	1
c1_SPATA25	1	1	1	1	1	2	1	1	1
c1_SPATA32	1	1	1	1	1	2	1	1	1
c1_SPEM2	1	1	1	1	1	2	1	1	1
c1_SPINT2	1	1	1	1	1	2	1	1	1
c1_SRC	1	1	1	1	1	2	1	1	1
c1_ST20-MTHFS	1	1	1	1	1	2	1	1	1
c1_ST3GAL6-AS1	1	1	1	1	1	2	1	1	1
c1_ST8SIA1	1	1	1	1	1	2	1	1	1
c1_ST8SIA5	1	1	1	1	1	2	1	1	1
c1_STEAP1B	1	1	1	1	1	2	1	1	1
c1_STEAP2	1	1	1	1	1	2	1	1	1
c1_STON1-GTF2A1L	1	1	1	1	1	2	1	1	1
c1_SYT1	1	1	1	1	1	2	1	1	1
c1_TFAP4	1	1	1	1	1	2	1	1	1
c1_TGFB2-AS1	1	1	1	1	1	2	1	1	1
c1_THNSL2	1	1	1	1	1	2	1	1	1
c1_TIE1	1	1	1	1	1	2	1	1	1
c1_TLE4	1	1	1	1	1	2	1	1	1
c1_TM6SF2	1	1	1	1	1	2	1	1	1
c1_TMCO6	1	1	1	1	1	2	1	1	1
c1_TMEM114	1	1	1	1	1	2	1	1	1
c1_TMEM132B	1	1	1	1	1	2	1	1	1
c1_TMEM139	1	1	1	1	1	2	1	1	1
c1_TMEM154	1	1	1	1	1	2	1	1	1
c1_TMEM176A	1	1	1	1	1	2	1	1	1
c1_TMEM204	1	1	1	1	1	2	1	1	1
c1_TMEM255B	1	1	1	1	1	2	1	1	1
c1_TMEM273	1	1	1	1	1	2	1	1	1
c1_TMEM40	1	1	1	1	1	2	1	1	1
c1_TMEM92-AS1	1	1	1	1	1	2	1	1	1
c1_TMIGD2	1	1	1	1	1	2	1	1	1
c1_TNFRSF14-AS1	1	1	1	1	1	2	1	1	1
c1_TNNI3	1	1	1	1	1	2	1	1	1
c1_TOX3	1	1	1	1	1	2	1	1	1
c1_TPO	1	1	1	1	1	2	1	1	1
c1_TRERF1	1	1	1	1	1	2	1	1	1
c1_TRIM60	1	1	1	1	1	2	1	1	1
c1_TRPM8	1	1	1	1	1	2	1	1	1
c1_TSACC	1	1	1	1	1	2	1	1	1
c1_TSPAN18	1	1	1	1	1	2	1	1	1
c1_TUBB8	1	1	1	1	1	2	1	1	1
c1_TYRP1	1	1	1	1	1	2	1	1	1
c1_UNC13D	1	1	1	1	1	2	1	1	1
c1_UPK3BL1	1	1	1	1	1	2	1	1	1
c1_URB1-AS1	1	1	1	1	1	2	1	1	1
c1_USH1G	1	1	1	1	1	2	1	1	1
c1_VGF	1	1	1	1	1	2	1	1	1
c1_VHLL	1	1	1	1	1	2	1	1	1
c1_VPS33B	1	1	1	1	1	2	1	1	1
c1_VPS9D1-AS1	1	1	1	1	1	2	1	1	1
c1_VWF	1	1	1	1	1	2	1	1	1
c1_WFDC2	1	1	1	1	1	2	1	1	1
c1_WFIKKN2	1	1	1	1	1	2	1	1	1
c1_WSCD1	1	1	1	1	1	2	1	1	1
c1_XCL1	1	1	1	1	1	2	1	1	1
c1_XKR5	1	1	1	1	1	2	1	1	1
c1_ZBTB16	1	1	1	1	1	2	1	1	1
c1_ZEB1-AS1	1	1	1	1	1	2	1	1	1
c1_ZFHX4-AS1	1	1	1	1	1	2	1	1	1
c1_ZNF124	1	1	1	1	1	2	1	1	1
c1_ZNF215	1	1	1	1	1	2	1	1	1
c1_ZNF385C	1	1	1	1	1	2	1	1	1
c1_ZNF502	1	1	1	1	1	2	1	1	1
c1_ZNF525	1	1	1	1	1	2	1	1	1
c1_ZNF780A	1	1	1	1	1	2	1	1	1
c1_ZSCAN5B	1	1	1	1	1	2	1	1	1
DUMMY54	-100	-100	-100	-100	-100	-100	-100	-100	-100
c1_A1CF	1	1	2	1	1	1	1	1	1
c1_AC002384.1	1	1	2	1	1	1	1	1	1
c1_AC002480.2	1	1	2	1	1	1	1	1	1
c1_AC002550.1	1	1	2	1	1	1	1	1	1
c1_AC004466.1	1	1	2	1	1	1	1	1	1
c1_AC004528.1	1	1	2	1	1	1	1	1	1
c1_AC005154.6	1	1	2	1	1	1	1	1	1
c1_AC005393.1	1	1	2	1	1	1	1	1	1
c1_AC005618.1	1	1	2	1	1	1	1	1	1
c1_AC005899.7	1	1	2	1	1	1	1	1	1
c1_AC007285.1	1	1	2	1	1	1	1	1	1
c1_AC007292.2	1	1	2	1	1	1	1	1	1
c1_AC007569.1	1	1	2	1	1	1	1	1	1
c1_AC007608.1	1	1	2	1	1	1	1	1	1
c1_AC007666.1	1	1	2	1	1	1	1	1	1
c1_AC008035.1	1	1	2	1	1	1	1	1	1
c1_AC009120.5	1	1	2	1	1	1	1	1	1
c1_AC009779.3	1	1	2	1	1	1	1	1	1
c1_AC009948.4	1	1	2	1	1	1	1	1	1
c1_AC010336.1	1	1	2	1	1	1	1	1	1
c1_AC010536.3	1	1	2	1	1	1	1	1	1
c1_AC012173.1	1	1	2	1	1	1	1	1	1
c1_AC012313.7	1	1	2	1	1	1	1	1	1
c1_AC012511.1	1	1	2	1	1	1	1	1	1
c1_AC012557.1	1	1	2	1	1	1	1	1	1
c1_AC013448.1	1	1	2	1	1	1	1	1	1
c1_AC020911.1	1	1	2	1	1	1	1	1	1
c1_AC022211.2	1	1	2	1	1	1	1	1	1
c1_AC022517.1	1	1	2	1	1	1	1	1	1
c1_AC023509.3	1	1	2	1	1	1	1	1	1
c1_AC024896.1	1	1	2	1	1	1	1	1	1
c1_AC025165.4	1	1	2	1	1	1	1	1	1
c1_AC027682.3	1	1	2	1	1	1	1	1	1
c1_AC037459.3	1	1	2	1	1	1	1	1	1
c1_AC040977.1	1	1	2	1	1	1	1	1	1
c1_AC062028.1	1	1	2	1	1	1	1	1	1
c1_AC068385.1	1	1	2	1	1	1	1	1	1
c1_AC068580.4	1	1	2	1	1	1	1	1	1
c1_AC069185.1	1	1	2	1	1	1	1	1	1
c1_AC072039.2	1	1	2	1	1	1	1	1	1
c1_AC073529.1	1	1	2	1	1	1	1	1	1
c1_AC079610.2	1	1	2	1	1	1	1	1	1
c1_AC084346.2	1	1	2	1	1	1	1	1	1
c1_AC087386.1	1	1	2	1	1	1	1	1	1
c1_AC087741.1	1	1	2	1	1	1	1	1	1
c1_AC090337.1	1	1	2	1	1	1	1	1	1
c1_AC090578.1	1	1	2	1	1	1	1	1	1
c1_AC090948.2	1	1	2	1	1	1	1	1	1
c1_AC091053.1	1	1	2	1	1	1	1	1	1
c1_AC093525.7	1	1	2	1	1	1	1	1	1
c1_AC093673.2	1	1	2	1	1	1	1	1	1
c1_AC099684.1	1	1	2	1	1	1	1	1	1
c1_AC099850.1	1	1	2	1	1	1	1	1	1
c1_AC103691.1	1	1	2	1	1	1	1	1	1
c1_AC104035.1	1	1	2	1	1	1	1	1	1
c1_AC104109.2	1	1	2	1	1	1	1	1	1
c1_AC105118.1	1	1	2	1	1	1	1	1	1
c1_AC107463.1	1	1	2	1	1	1	1	1	1
c1_AC107884.1	1	1	2	1	1	1	1	1	1
c1_AC109597.2	1	1	2	1	1	1	1	1	1
c1_AC116351.2	1	1	2	1	1	1	1	1	1
c1_AC116447.1	1	1	2	1	1	1	1	1	1
c1_AC118758.3	1	1	2	1	1	1	1	1	1
c1_AC127521.1	1	1	2	1	1	1	1	1	1
c1_AC133919.2	1	1	2	1	1	1	1	1	1
c1_AC138956.1	1	1	2	1	1	1	1	1	1
c1_AC139099.3	1	1	2	1	1	1	1	1	1
c1_AC141424.1	1	1	2	1	1	1	1	1	1
c1_AC145098.1	1	1	2	1	1	1	1	1	1
c1_AC233263.6	1	1	2	1	1	1	1	1	1
c1_ADAMTS13	1	1	2	1	1	1	1	1	1
c1_ADAMTS17	1	1	2	1	1	1	1	1	1
c1_ADM5	1	1	2	1	1	1	1	1	1
c1_AF064860.2	1	1	2	1	1	1	1	1	1
c1_AGTR1	1	1	2	1	1	1	1	1	1
c1_AKAP2	1	1	2	1	1	1	1	1	1
c1_AL031008.1	1	1	2	1	1	1	1	1	1
c1_AL033384.1	1	1	2	1	1	1	1	1	1
c1_AL034417.4	1	1	2	1	1	1	1	1	1
c1_AL078459.1	1	1	2	1	1	1	1	1	1
c1_AL109811.4	1	1	2	1	1	1	1	1	1
c1_AL132711.1	1	1	2	1	1	1	1	1	1
c1_AL133255.1	1	1	2	1	1	1	1	1	1
c1_AL136115.2	1	1	2	1	1	1	1	1	1
c1_AL136988.1	1	1	2	1	1	1	1	1	1
c1_AL137003.1	1	1	2	1	1	1	1	1	1
c1_AL139041.1	1	1	2	1	1	1	1	1	1
c1_AL139260.3	1	1	2	1	1	1	1	1	1
c1_AL139397.1	1	1	2	1	1	1	1	1	1
c1_AL162431.2	1	1	2	1	1	1	1	1	1
c1_AL162586.1	1	1	2	1	1	1	1	1	1
c1_AL353759.1	1	1	2	1	1	1	1	1	1
c1_AL354892.2	1	1	2	1	1	1	1	1	1
c1_AL355297.4	1	1	2	1	1	1	1	1	1
c1_AL355340.1	1	1	2	1	1	1	1	1	1
c1_AL355385.1	1	1	2	1	1	1	1	1	1
c1_AL358216.1	1	1	2	1	1	1	1	1	1
c1_AL359198.1	1	1	2	1	1	1	1	1	1
c1_AL359853.1	1	1	2	1	1	1	1	1	1
c1_AL360004.1	1	1	2	1	1	1	1	1	1
c1_AL360181.2	1	1	2	1	1	1	1	1	1
c1_AL360219.1	1	1	2	1	1	1	1	1	1
c1_AL391121.1	1	1	2	1	1	1	1	1	1
c1_AL583824.1	1	1	2	1	1	1	1	1	1
c1_AL589826.2	1	1	2	1	1	1	1	1	1
c1_AL590999.1	1	1	2	1	1	1	1	1	1
c1_AL731566.2	1	1	2	1	1	1	1	1	1
c1_ALDH8A1	1	1	2	1	1	1	1	1	1
c1_AMT	1	1	2	1	1	1	1	1	1
c1_ANKRD1	1	1	2	1	1	1	1	1	1
c1_AP000487.2	1	1	2	1	1	1	1	1	1
c1_AP000654.1	1	1	2	1	1	1	1	1	1
c1_AP000695.2	1	1	2	1	1	1	1	1	1
c1_AP000892.1	1	1	2	1	1	1	1	1	1
c1_AP001453.2	1	1	2	1	1	1	1	1	1
c1_AP001528.1	1	1	2	1	1	1	1	1	1
c1_AP002478.1	1	1	2	1	1	1	1	1	1
c1_AP003171.3	1	1	2	1	1	1	1	1	1
c1_AP006623.1	1	1	2	1	1	1	1	1	1
c1_AP1S3	1	1	2	1	1	1	1	1	1
c1_ASB15	1	1	2	1	1	1	1	1	1
c1_ATG9A	1	1	2	1	1	1	1	1	1
c1_ATP5MF-PTCD1	1	1	2	1	1	1	1	1	1
c1_ATP8B1	1	1	2	1	1	1	1	1	1
c1_BMP8A	1	1	2	1	1	1	1	1	1
c1_C12orf60	1	1	2	1	1	1	1	1	1
c1_C3AR1	1	1	2	1	1	1	1	1	1
c1_C3orf52	1	1	2	1	1	1	1	1	1
c1_C6orf141	1	1	2	1	1	1	1	1	1
c1_CARD9	1	1	2	1	1	1	1	1	1
c1_CASS4	1	1	2	1	1	1	1	1	1
c1_CCDC87	1	1	2	1	1	1	1	1	1
c1_CEBPE	1	1	2	1	1	1	1	1	1
c1_CKMT2	1	1	2	1	1	1	1	1	1
c1_CLEC19A	1	1	2	1	1	1	1	1	1
c1_CLIC2	1	1	2	1	1	1	1	1	1
c1_CNTD2	1	1	2	1	1	1	1	1	1
c1_CNTN4-AS1	1	1	2	1	1	1	1	1	1
c1_COL11A2	1	1	2	1	1	1	1	1	1
c1_COL24A1	1	1	2	1	1	1	1	1	1
c1_COL4A4	1	1	2	1	1	1	1	1	1
c1_COL7A1	1	1	2	1	1	1	1	1	1
c1_CPO	1	1	2	1	1	1	1	1	1
c1_CR559946.2	1	1	2	1	1	1	1	1	1
c1_CTAGE6	1	1	2	1	1	1	1	1	1
c1_CXCL13	1	1	2	1	1	1	1	1	1
c1_CYP27B1	1	1	2	1	1	1	1	1	1
c1_CYP2E1	1	1	2	1	1	1	1	1	1
c1_CYP3A7	1	1	2	1	1	1	1	1	1
c1_DENND6A-DT	1	1	2	1	1	1	1	1	1
c1_DND1	1	1	2	1	1	1	1	1	1
c1_EAF1-AS1	1	1	2	1	1	1	1	1	1
c1_EDN1	1	1	2	1	1	1	1	1	1
c1_EFCAB13	1	1	2	1	1	1	1	1	1
c1_ERCC5	1	1	2	1	1	1	1	1	1
c1_FAM189A2	1	1	2	1	1	1	1	1	1
c1_FAM220A	1	1	2	1	1	1	1	1	1
c1_FBXO44	1	1	2	1	1	1	1	1	1
c1_FLJ45513	1	1	2	1	1	1	1	1	1
c1_FOXH1	1	1	2	1	1	1	1	1	1
c1_FOXJ2	1	1	2	1	1	1	1	1	1
c1_FSCN2	1	1	2	1	1	1	1	1	1
c1_G2E3-AS1	1	1	2	1	1	1	1	1	1
c1_GAS8	1	1	2	1	1	1	1	1	1
c1_GFI1B	1	1	2	1	1	1	1	1	1
c1_GPT	1	1	2	1	1	1	1	1	1
c1_GRB14	1	1	2	1	1	1	1	1	1
c1_HGFAC	1	1	2	1	1	1	1	1	1
c1_HIST3H2BB	1	1	2	1	1	1	1	1	1
c1_IFI30	1	1	2	1	1	1	1	1	1
c1_IGFALS	1	1	2	1	1	1	1	1	1
c1_IGFL4	1	1	2	1	1	1	1	1	1
c1_IQCA1-AS1	1	1	2	1	1	1	1	1	1
c1_JSRP1	1	1	2	1	1	1	1	1	1
c1_KCNG2	1	1	2	1	1	1	1	1	1
c1_KCNMA1-AS1	1	1	2	1	1	1	1	1	1
c1_KCNMA1-AS3	1	1	2	1	1	1	1	1	1
c1_KLK1	1	1	2	1	1	1	1	1	1
c1_KLRC1	1	1	2	1	1	1	1	1	1
c1_LAMC2	1	1	2	1	1	1	1	1	1
c1_LILRA2	1	1	2	1	1	1	1	1	1
c1_LINC-ROR	1	1	2	1	1	1	1	1	1
c1_LINC00347	1	1	2	1	1	1	1	1	1
c1_LINC00578	1	1	2	1	1	1	1	1	1
c1_LINC00629	1	1	2	1	1	1	1	1	1
c1_LINC00630	1	1	2	1	1	1	1	1	1
c1_LINC00857	1	1	2	1	1	1	1	1	1
c1_LINC01004	1	1	2	1	1	1	1	1	1
c1_LINC01132	1	1	2	1	1	1	1	1	1
c1_LINC01191	1	1	2	1	1	1	1	1	1
c1_LINC01209	1	1	2	1	1	1	1	1	1
c1_LINC01220	1	1	2	1	1	1	1	1	1
c1_LINC01354	1	1	2	1	1	1	1	1	1
c1_LINC01389	1	1	2	1	1	1	1	1	1
c1_LINC01411	1	1	2	1	1	1	1	1	1
c1_LINC01934	1	1	2	1	1	1	1	1	1
c1_LINC01936	1	1	2	1	1	1	1	1	1
c1_LINC02067	1	1	2	1	1	1	1	1	1
c1_LINC02073	1	1	2	1	1	1	1	1	1
c1_LINC02158	1	1	2	1	1	1	1	1	1
c1_LINC02256	1	1	2	1	1	1	1	1	1
c1_LINC02288	1	1	2	1	1	1	1	1	1
c1_LINC02367	1	1	2	1	1	1	1	1	1
c1_LINC02487	1	1	2	1	1	1	1	1	1
c1_LINC02497	1	1	2	1	1	1	1	1	1
c1_LINC02519	1	1	2	1	1	1	1	1	1
c1_LONRF2	1	1	2	1	1	1	1	1	1
c1_LTBP2	1	1	2	1	1	1	1	1	1
c1_LY96	1	1	2	1	1	1	1	1	1
c1_MAFA-AS1	1	1	2	1	1	1	1	1	1
c1_MAMDC2	1	1	2	1	1	1	1	1	1
c1_MAN1B1-DT	1	1	2	1	1	1	1	1	1
c1_MAP3K7CL	1	1	2	1	1	1	1	1	1
c1_MMP19	1	1	2	1	1	1	1	1	1
c1_MMP21	1	1	2	1	1	1	1	1	1
c1_MYO5B	1	1	2	1	1	1	1	1	1
c1_NCKAP5	1	1	2	1	1	1	1	1	1
c1_NGF	1	1	2	1	1	1	1	1	1
c1_NKILA	1	1	2	1	1	1	1	1	1
c1_NOMO3	1	1	2	1	1	1	1	1	1
c1_NPIPB6	1	1	2	1	1	1	1	1	1
c1_NR2E3	1	1	2	1	1	1	1	1	1
c1_NTN4	1	1	2	1	1	1	1	1	1
c1_NTNG1	1	1	2	1	1	1	1	1	1
c1_OGFR-AS1	1	1	2	1	1	1	1	1	1
c1_OLFML1	1	1	2	1	1	1	1	1	1
c1_OTUD6A	1	1	2	1	1	1	1	1	1
c1_P2RY13	1	1	2	1	1	1	1	1	1
c1_PABPC3	1	1	2	1	1	1	1	1	1
c1_PCDHGA5	1	1	2	1	1	1	1	1	1
c1_PIK3IP1-AS1	1	1	2	1	1	1	1	1	1
c1_PITX1	1	1	2	1	1	1	1	1	1
c1_POTEE	1	1	2	1	1	1	1	1	1
c1_PPP4R1-AS1	1	1	2	1	1	1	1	1	1
c1_PRSS12	1	1	2	1	1	1	1	1	1
c1_PSORS1C1	1	1	2	1	1	1	1	1	1
c1_PTGER4	1	1	2	1	1	1	1	1	1
c1_RAB2A	1	1	2	1	1	1	1	1	1
c1_RAB40AL	1	1	2	1	1	1	1	1	1
c1_RASD1	1	1	2	1	1	1	1	1	1
c1_RCSD1	1	1	2	1	1	1	1	1	1
c1_RHBDL2	1	1	2	1	1	1	1	1	1
c1_RHOU	1	1	2	1	1	1	1	1	1
c1_S100A1	1	1	2	1	1	1	1	1	1
c1_SALRNA2	1	1	2	1	1	1	1	1	1
c1_SCART1	1	1	2	1	1	1	1	1	1
c1_SLC35E4	1	1	2	1	1	1	1	1	1
c1_SLC35G6	1	1	2	1	1	1	1	1	1
c1_SLC45A3	1	1	2	1	1	1	1	1	1
c1_SLC6A19	1	1	2	1	1	1	1	1	1
c1_SLFNL1	1	1	2	1	1	1	1	1	1
c1_SMAD1-AS1	1	1	2	1	1	1	1	1	1
c1_SNAI2	1	1	2	1	1	1	1	1	1
c1_SPATA12	1	1	2	1	1	1	1	1	1
c1_SPINK13	1	1	2	1	1	1	1	1	1
c1_SPINT1	1	1	2	1	1	1	1	1	1
c1_SRD5A2	1	1	2	1	1	1	1	1	1
c1_SRPX	1	1	2	1	1	1	1	1	1
c1_STBD1	1	1	2	1	1	1	1	1	1
c1_SVEP1	1	1	2	1	1	1	1	1	1
c1_SYNPR	1	1	2	1	1	1	1	1	1
c1_TAS2R20	1	1	2	1	1	1	1	1	1
c1_TBC1D10C	1	1	2	1	1	1	1	1	1
c1_TBC1D29	1	1	2	1	1	1	1	1	1
c1_TBC1D3L	1	1	2	1	1	1	1	1	1
c1_TBC1D8-AS1	1	1	2	1	1	1	1	1	1
c1_TBX19	1	1	2	1	1	1	1	1	1
c1_TES	1	1	2	1	1	1	1	1	1
c1_TEX29	1	1	2	1	1	1	1	1	1
c1_TNFRSF8	1	1	2	1	1	1	1	1	1
c1_TNK1	1	1	2	1	1	1	1	1	1
c1_TRPV1	1	1	2	1	1	1	1	1	1
c1_TSNARE1	1	1	2	1	1	1	1	1	1
c1_TYW1B	1	1	2	1	1	1	1	1	1
c1_U52111.1	1	1	2	1	1	1	1	1	1
c1_UCHL1-AS1	1	1	2	1	1	1	1	1	1
c1_ULBP1	1	1	2	1	1	1	1	1	1
c1_UPK3B	1	1	2	1	1	1	1	1	1
c1_VXN	1	1	2	1	1	1	1	1	1
c1_WDR97	1	1	2	1	1	1	1	1	1
c1_WNT7B	1	1	2	1	1	1	1	1	1
c1_ZNF142	1	1	2	1	1	1	1	1	1
c1_ZNF23	1	1	2	1	1	1	1	1	1
c1_ZNF283	1	1	2	1	1	1	1	1	1
c1_ZNF319	1	1	2	1	1	1	1	1	1
c1_ZNF536	1	1	2	1	1	1	1	1	1
c1_ZNF559-ZNF177	1	1	2	1	1	1	1	1	1
c1_ZNF707	1	1	2	1	1	1	1	1	1
c1_ZNF878	1	1	2	1	1	1	1	1	1
DUMMY55	-100	-100	-100	-100	-100	-100	-100	-100	-100
c1_ABCB4	1	1	1	1	1	2	2	2	1
c1_LRRC8B	1	1	1	1	1	2	2	2	1
c1_AC106900.2	1	1	1	1	1	2	2	2	1
c1_LYL1	1	1	1	1	1	2	2	2	1
c1_AC008946.1	1	1	1	1	1	2	2	2	1
c1_MCPH1-AS1	1	1	1	1	1	2	2	2	1
c1_AC005837.1	1	1	1	1	1	2	2	2	1
c1_PRRG4	1	1	1	1	1	2	2	2	1
c1_AC009630.2	1	1	1	1	1	2	2	2	1
c1_PSMB8-AS1	1	1	1	1	1	2	2	2	1
c1_ELF3	1	1	1	1	1	2	2	2	1
c1_TMEM37	1	1	1	1	1	2	2	2	1
c1_TNFRSF13C	1	1	1	1	1	2	2	2	1
c1_ELOVL2	1	1	1	1	1	2	2	2	1
c1_CIT	1	1	1	1	1	2	2	2	1
c1_RAD51	1	1	1	1	1	2	2	2	1
c1_AC023157.3	1	1	1	1	1	2	2	2	1
c1_MYOCD	1	1	1	1	1	2	2	2	1
c1_CLDN19	1	1	1	1	1	2	2	2	1
c1_RELT	1	1	1	1	1	2	2	2	1
c1_CRTC3-AS1	1	1	1	1	1	2	2	2	1
c1_SMOC1	1	1	1	1	1	2	2	2	1
c1_CLEC3A	1	1	1	1	1	2	2	2	1
c1_SGTB	1	1	1	1	1	2	2	2	1
c1_AIF1L	1	1	1	1	1	2	2	2	1
c1_TMEM220-AS1	1	1	1	1	1	2	2	2	1
c1_TRAF5	1	1	1	1	1	2	2	2	1
c1_ENHO	1	1	1	1	1	2	2	2	1
c1_AC012447.1	1	1	1	1	1	2	2	2	1
c1_ANKRD35	1	1	1	1	1	2	2	2	1
c1_KIAA1217	1	1	1	1	1	2	2	2	1
c1_HVCN1	1	1	1	1	1	2	2	2	1
c1_ANKRD18B	1	1	1	1	1	2	2	2	1
c1_AL391097.1	1	1	1	1	1	2	2	2	1
c1_FAM72D	1	1	1	1	1	2	2	2	1
c1_USP31	1	1	1	1	1	2	2	2	1
c1_TP53I11	1	1	1	1	1	2	2	2	1
c1_FAM198A	1	1	1	1	1	2	2	2	1
c1_SLC47A1	1	1	1	1	1	2	2	2	1
c1_CLMN	1	1	1	1	1	2	2	2	1
c1_THPO	1	1	1	1	1	2	2	2	1
c1_CYSRT1	1	1	1	1	1	2	2	2	1
c1_LINC02550	1	1	1	1	1	2	2	2	1
c1_AC008622.2	1	1	1	1	1	2	2	2	1
c1_OAS1	1	1	1	1	1	2	2	2	1
c1_CATSPERD	1	1	1	1	1	2	2	2	1
c1_PKN2-AS1	1	1	1	1	1	2	2	2	1
c1_CDC7	1	1	1	1	1	2	2	2	1
c1_FOS	1	1	1	1	1	2	2	2	1
c1_UCK2	1	1	1	1	1	2	2	2	1
c1_UBA7	1	1	1	1	1	2	2	2	1
c1_AC007128.1	1	1	1	1	1	2	2	2	1
c1_FNIP2	1	1	1	1	1	2	2	2	1
c1_WDCP	1	1	1	1	1	2	2	2	1
c1_ZNF736	1	1	1	1	1	2	2	2	1
c1_AL162231.2	1	1	1	1	1	2	2	2	1
c1_NRN1L	1	1	1	1	1	2	2	2	1
c1_CARD11	1	1	1	1	1	2	2	2	1
c1_MYLK2	1	1	1	1	1	2	2	2	1
c1_CAMK2A	1	1	1	1	1	2	2	2	1
c1_GGT1	1	1	1	1	1	2	2	2	1
c1_ZNF66	1	1	1	1	1	2	2	2	1
c1_ZBTB20-AS4	1	1	1	1	1	2	2	2	1
c1_GAREM2	1	1	1	1	1	2	2	2	1
c1_MTFP1	1	1	1	1	1	2	2	2	1
c1_AC002116.2	1	1	1	1	1	2	2	2	1
c1_LINC01659	1	1	1	1	1	2	2	2	1
c1_ARL4D	1	1	1	1	1	2	2	2	1
c1_LINC01152	1	1	1	1	1	2	2	2	1
c1_AP000787.1	1	1	1	1	1	2	2	2	1
c1_LINC00939	1	1	1	1	1	2	2	2	1
c1_AP000251.1	1	1	1	1	1	2	2	2	1
DUMMY56	-100	-100	-100	-100	-100	-100	-100	-100	-100
c1_ACOT11	1	1	1	1	1	2	2	2	2
c1_SLC26A6	1	1	1	1	1	2	2	2	2
c1_COL11A1	1	1	1	1	1	2	2	2	2
c1_SLC9C1	1	1	1	1	1	2	2	2	2
c1_ASRGL1	1	1	1	1	1	2	2	2	2
c1_PRPS2	1	1	1	1	1	2	2	2	2
c1_PCOLCE	1	1	1	1	1	2	2	2	2
c1_MFSD2A	1	1	1	1	1	2	2	2	2
c1_HAAO	1	1	1	1	1	2	2	2	2
c1_HLA-DPB1	1	1	1	1	1	2	2	2	2
c1_JADE3	1	1	1	1	1	2	2	2	2
c1_AL117335.1	1	1	1	1	1	2	2	2	2
c1_THBS4	1	1	1	1	1	2	2	2	2
c1_TEDC2	1	1	1	1	1	2	2	2	2
c1_AL022323.3	1	1	1	1	1	2	2	2	2
c1_PTER	1	1	1	1	1	2	2	2	2
c1_CHAC2	1	1	1	1	1	2	2	2	2
c1_FAM169A	1	1	1	1	1	2	2	2	2
c1_ZNF519	1	1	1	1	1	2	2	2	2
c1_ZNF273	1	1	1	1	1	2	2	2	2
c1_ETV4	1	1	1	1	1	2	2	2	2
c1_GNAS-AS1	1	1	1	1	1	2	2	2	2
c1_ZNF738	1	1	1	1	1	2	2	2	2
c1_ZNF620	1	1	1	1	1	2	2	2	2
c1_GLCCI1	1	1	1	1	1	2	2	2	2
DUMMY57	-100	-100	-100	-100	-100	-100	-100	-100	-100
c1_AC009654.1	3	3	3	3	3	2	2	2	3
c1_SCP2	3	3	3	3	3	2	2	2	3
c1_HIST1H3H	3	3	3	3	3	2	2	2	3
c1_C16orf89	3	3	3	3	3	2	2	2	3
c1_NME5	3	3	3	3	3	2	2	2	3
c1_HIST1H2BJ	3	3	3	3	3	2	2	2	3
c1_IQANK1	3	3	3	3	3	2	2	2	3
c1_CYSTM1	3	3	3	3	3	2	2	2	3
c1_TOM1L1	3	3	3	3	3	2	2	2	3
c1_TTC29	3	3	3	3	3	2	2	2	3
c1_DAPK3	3	3	3	3	3	2	2	2	3
c1_HERC6	3	3	3	3	3	2	2	2	3
c1_AP003393.1	3	3	3	3	3	2	2	2	3
c1_LINC02166	3	3	3	3	3	2	2	2	3
c1_LDB2	3	3	3	3	3	2	2	2	3
c1_ANKRD42	3	3	3	3	3	2	2	2	3
c1_IFI44	3	3	3	3	3	2	2	2	3
c1_TMEM43	3	3	3	3	3	2	2	2	3
c1_AGBL2	3	3	3	3	3	2	2	2	3
c1_IFT46	3	3	3	3	3	2	2	2	3
c1_JHY	3	3	3	3	3	2	2	2	3
c1_NEK5	3	3	3	3	3	2	2	2	3
c1_C12orf75	3	3	3	3	3	2	2	2	3
c1_LAMTOR1	3	3	3	3	3	2	2	2	3
c1_SMPD2	3	3	3	3	3	2	2	2	3
c1_ACAP1	3	3	3	3	3	2	2	2	3
c1_LDLRAD4	3	3	3	3	3	2	2	2	3
c1_TMEM150A	3	3	3	3	3	2	2	2	3
c1_CXCL12	3	3	3	3	3	2	2	2	3
c1_ERICH6-AS1	3	3	3	3	3	2	2	2	3
c1_ZDHHC1	3	3	3	3	3	2	2	2	3
c1_VWA3B	3	3	3	3	3	2	2	2	3
c1_AL021392.1	3	3	3	3	3	2	2	2	3
c1_SPACA9	3	3	3	3	3	2	2	2	3
c1_COMT	3	3	3	3	3	2	2	2	3
c1_C17orf97	3	3	3	3	3	2	2	2	3
c1_OCA2	3	3	3	3	3	2	2	2	3
c1_NHLRC4	3	3	3	3	3	2	2	2	3
c1_AC021739.2	3	3	3	3	3	2	2	2	3
c1_SOX21-AS1	3	3	3	3	3	2	2	2	3
c1_COL3A1	3	3	3	3	3	2	2	2	3
c1_PTRH1	3	3	3	3	3	2	2	2	3
c1_YIF1A	3	3	3	3	3	2	2	2	3
c1_FAM166B	3	3	3	3	3	2	2	2	3
c1_SMCO3	3	3	3	3	3	2	2	2	3
c1_AC027307.2	3	3	3	3	3	2	2	2	3
c1_SMIM5	3	3	3	3	3	2	2	2	3
c1_AC027237.3	3	3	3	3	3	2	2	2	3
c1_RPS13	3	3	3	3	3	2	2	2	3
c1_CFAP57	3	3	3	3	3	2	2	2	3
c1_CFH	3	3	3	3	3	2	2	2	3
c1_SCIN	3	3	3	3	3	2	2	2	3
c1_RHOBTB1	3	3	3	3	3	2	2	2	3
c1_CFAP100	3	3	3	3	3	2	2	2	3
c1_PPIC	3	3	3	3	3	2	2	2	3
c1_AC133794.1	3	3	3	3	3	2	2	2	3
c1_PODN	3	3	3	3	3	2	2	2	3
c1_CCDC47	3	3	3	3	3	2	2	2	3
c1_PACRG	3	3	3	3	3	2	2	2	3
c1_CAV1	3	3	3	3	3	2	2	2	3
c1_LINC01765	3	3	3	3	3	2	2	2	3
c1_BVES	3	3	3	3	3	2	2	2	3
c1_MYL5	3	3	3	3	3	2	2	2	3
c1_B3GALT5-AS1	3	3	3	3	3	2	2	2	3
c1_LMAN2L	3	3	3	3	3	2	2	2	3
c1_ATP1A1	3	3	3	3	3	2	2	2	3
c1_LRRC2	3	3	3	3	3	2	2	2	3
c1_APH1B	3	3	3	3	3	2	2	2	3
DUMMY58	-100	-100	-100	-100	-100	-100	-100	-100	-100
c1_ANKRD45	3	3	3	3	3	2	2	2	2
c1_LEPROT	3	3	3	3	3	2	2	2	2
c1_RDH10	3	3	3	3	3	2	2	2	2
c1_ZNF487	3	3	3	3	3	2	2	2	2
c1_GPR108	3	3	3	3	3	2	2	2	2
c1_HAS2	3	3	3	3	3	2	2	2	2
c1_IFT74	3	3	3	3	3	2	2	2	2
c1_KDELR1	3	3	3	3	3	2	2	2	2
c1_THRB	3	3	3	3	3	2	2	2	2
c1_COPB2	3	3	3	3	3	2	2	2	2
c1_TFG	3	3	3	3	3	2	2	2	2
c1_CHMP2A	3	3	3	3	3	2	2	2	2
c1_SFRP1	3	3	3	3	3	2	2	2	2
c1_CALCRL	3	3	3	3	3	2	2	2	2
c1_RPL18	3	3	3	3	3	2	2	2	2
c1_C2orf73	3	3	3	3	3	2	2	2	2
DUMMY60	-100	-100	-100	-100	-100	-100	-100	-100	-100
c1_AC083805.1	2	2	2	2	2	3	3	3	2
c1_TIMELESS	2	2	2	2	2	3	3	3	2
c1_NKX2-8	2	2	2	2	2	3	3	3	2
c1_CCNB1	2	2	2	2	2	3	3	3	2
c1_NR3C1	2	2	2	2	2	3	3	3	2
c1_FAM89A	2	2	2	2	2	3	3	3	2
c1_RPA1	2	2	2	2	2	3	3	3	2
c1_SLC1A5	2	2	2	2	2	3	3	3	2
c1_FGF1	2	2	2	2	2	3	3	3	2
c1_DAPL1	2	2	2	2	2	3	3	3	2
c1_POLD1	2	2	2	2	2	3	3	3	2
c1_PSMB9	2	2	2	2	2	3	3	3	2
c1_DEK	2	2	2	2	2	3	3	3	2
c1_LINC01426	2	2	2	2	2	3	3	3	2
c1_KATNAL2	2	2	2	2	2	3	3	3	2
c1_ITM2A	2	2	2	2	2	3	3	3	2
c1_ITGB3BP	2	2	2	2	2	3	3	3	2
c1_IGF2BP1	2	2	2	2	2	3	3	3	2
c1_GAL3ST4	2	2	2	2	2	3	3	3	2
c1_TEC	2	2	2	2	2	3	3	3	2
c1_WFIKKN1	2	2	2	2	2	3	3	3	2
c1_GCHFR	2	2	2	2	2	3	3	3	2
c1_IFI16	2	2	2	2	2	3	3	3	2
c1_ARL13B	2	2	2	2	2	3	3	3	2
c1_MXD3	2	2	2	2	2	3	3	3	2
c1_HMGB1	2	2	2	2	2	3	3	3	2
c1_HIST1H2BH	2	2	2	2	2	3	3	3	2
c1_HIST1H2AH	2	2	2	2	2	3	3	3	2
c1_H2AFZ	2	2	2	2	2	3	3	3	2
c1_LINC00598	2	2	2	2	2	3	3	3	2
c1_ALG8	2	2	2	2	2	3	3	3	2
c1_ACTL6A	2	2	2	2	2	3	3	3	2
c1_PDIA5	2	2	2	2	2	3	3	3	2
c1_AC092142.1	2	2	2	2	2	3	3	3	2
c1_CDKN2B-AS1	2	2	2	2	2	3	3	3	2
c1_PAICS	2	2	2	2	2	3	3	3	2
c1_ANLN	2	2	2	2	2	3	3	3	2
c1_MAD2L2	2	2	2	2	2	3	3	3	2
c1_EXOSC8	2	2	2	2	2	3	3	3	2
c1_RFC5	2	2	2	2	2	3	3	3	2
c1_PSTPIP1	2	2	2	2	2	3	3	3	2
c1_DHFR	2	2	2	2	2	3	3	3	2
c1_MT-ND4	2	2	2	2	2	3	3	3	2
c1_MRAP2	2	2	2	2	2	3	3	3	2
c1_AC087482.1	2	2	2	2	2	3	3	3	2
DUMMY61	-100	-100	-100	-100	-100	-100	-100	-100	-100
c1_AC023510.2	3	2	2	2	2	2	2	2	2
c1_RYR1	3	2	2	2	2	2	2	2	2
c1_CCDC13	3	2	2	2	2	2	2	2	2
c1_SLC16A11	3	2	2	2	2	2	2	2	2
c1_CCDC65	3	2	2	2	2	2	2	2	2
c1_SLC40A1	3	2	2	2	2	2	2	2	2
c1_CCDC74B	3	2	2	2	2	2	2	2	2
c1_SLC9C2	3	2	2	2	2	2	2	2	2
c1_MARCH10	3	2	2	2	2	2	2	2	2
c1_LRP2BP	3	2	2	2	2	2	2	2	2
c1_CD164L2	3	2	2	2	2	2	2	2	2
c1_SMOC2	3	2	2	2	2	2	2	2	2
c1_LMNTD1	3	2	2	2	2	2	2	2	2
c1_AC137932.1	3	2	2	2	2	2	2	2	2
c1_TAT-AS1	3	2	2	2	2	2	2	2	2
c1_LINC01508	3	2	2	2	2	2	2	2	2
c1_AL121672.2	3	2	2	2	2	2	2	2	2
c1_ZNF295-AS1	3	2	2	2	2	2	2	2	2
c1_TTC30B	3	2	2	2	2	2	2	2	2
c1_TEX26-AS1	3	2	2	2	2	2	2	2	2
c1_KIF6	3	2	2	2	2	2	2	2	2
c1_CFAP206	3	2	2	2	2	2	2	2	2
c1_TTC25	3	2	2	2	2	2	2	2	2
c1_KIF27	3	2	2	2	2	2	2	2	2
c1_AL121768.1	3	2	2	2	2	2	2	2	2
c1_WDR66	3	2	2	2	2	2	2	2	2
c1_ZBTB20-AS2	3	2	2	2	2	2	2	2	2
c1_DYDC2	3	2	2	2	2	2	2	2	2
c1_IQCH	3	2	2	2	2	2	2	2	2
c1_AC254633.1	3	2	2	2	2	2	2	2	2
c1_VWA5B1	3	2	2	2	2	2	2	2	2
c1_IL16	3	2	2	2	2	2	2	2	2
c1_CHRNA1	3	2	2	2	2	2	2	2	2
c1_TSNAXIP1	3	2	2	2	2	2	2	2	2
c1_CDHR4	3	2	2	2	2	2	2	2	2
c1_SYTL3	3	2	2	2	2	2	2	2	2
c1_MORN3	3	2	2	2	2	2	2	2	2
c1_MYCBP	3	2	2	2	2	2	2	2	2
c1_NR2F2-AS1	3	2	2	2	2	2	2	2	2
c1_NLRX1	3	2	2	2	2	2	2	2	2
c1_AC092802.1	3	2	2	2	2	2	2	2	2
c1_RSPH9	3	2	2	2	2	2	2	2	2
c1_C1orf87	3	2	2	2	2	2	2	2	2
c1_RSPH10B	3	2	2	2	2	2	2	2	2
c1_C1orf141	3	2	2	2	2	2	2	2	2
c1_RSPH10B2	3	2	2	2	2	2	2	2	2
c1_C16orf71	3	2	2	2	2	2	2	2	2
c1_PARP12	3	2	2	2	2	2	2	2	2
c1_ARMC4	3	2	2	2	2	2	2	2	2
DUMMY62	-100	-100	-100	-100	-100	-100	-100	-100	-100
c1_AC002480.3	2	1	1	1	1	1	1	1	1
c1_AC003035.1	2	1	1	1	1	1	1	1	1
c1_AC005523.1	2	1	1	1	1	1	1	1	1
c1_AC005544.2	2	1	1	1	1	1	1	1	1
c1_AC005833.1	2	1	1	1	1	1	1	1	1
c1_AC009065.4	2	1	1	1	1	1	1	1	1
c1_AC009242.1	2	1	1	1	1	1	1	1	1
c1_AC010163.1	2	1	1	1	1	1	1	1	1
c1_AC010524.1	2	1	1	1	1	1	1	1	1
c1_AC010729.1	2	1	1	1	1	1	1	1	1
c1_AC010754.1	2	1	1	1	1	1	1	1	1
c1_AC010884.1	2	1	1	1	1	1	1	1	1
c1_AC011389.1	2	1	1	1	1	1	1	1	1
c1_AC011444.2	2	1	1	1	1	1	1	1	1
c1_AC012360.2	2	1	1	1	1	1	1	1	1
c1_AC012409.3	2	1	1	1	1	1	1	1	1
c1_AC012651.1	2	1	1	1	1	1	1	1	1
c1_AC016597.1	2	1	1	1	1	1	1	1	1
c1_AC017007.5	2	1	1	1	1	1	1	1	1
c1_AC024361.2	2	1	1	1	1	1	1	1	1
c1_AC024933.1	2	1	1	1	1	1	1	1	1
c1_AC026150.1	2	1	1	1	1	1	1	1	1
c1_AC026458.2	2	1	1	1	1	1	1	1	1
c1_AC026464.4	2	1	1	1	1	1	1	1	1
c1_AC026725.1	2	1	1	1	1	1	1	1	1
c1_AC060766.4	2	1	1	1	1	1	1	1	1
c1_AC068768.1	2	1	1	1	1	1	1	1	1
c1_AC073864.1	2	1	1	1	1	1	1	1	1
c1_AC079193.2	2	1	1	1	1	1	1	1	1
c1_AC090531.1	2	1	1	1	1	1	1	1	1
c1_AC091849.2	2	1	1	1	1	1	1	1	1
c1_AC092718.3	2	1	1	1	1	1	1	1	1
c1_AC092718.5	2	1	1	1	1	1	1	1	1
c1_AC097347.1	2	1	1	1	1	1	1	1	1
c1_AC097467.3	2	1	1	1	1	1	1	1	1
c1_AC099518.4	2	1	1	1	1	1	1	1	1
c1_AC100771.2	2	1	1	1	1	1	1	1	1
c1_AC100786.1	2	1	1	1	1	1	1	1	1
c1_AC100830.2	2	1	1	1	1	1	1	1	1
c1_AC104063.1	2	1	1	1	1	1	1	1	1
c1_AC104248.1	2	1	1	1	1	1	1	1	1
c1_AC104794.2	2	1	1	1	1	1	1	1	1
c1_AC106038.1	2	1	1	1	1	1	1	1	1
c1_AC110597.1	2	1	1	1	1	1	1	1	1
c1_AC116351.1	2	1	1	1	1	1	1	1	1
c1_AC117503.1	2	1	1	1	1	1	1	1	1
c1_AC119674.1	2	1	1	1	1	1	1	1	1
c1_AC120498.10	2	1	1	1	1	1	1	1	1
c1_AC121247.1	2	1	1	1	1	1	1	1	1
c1_AC123595.1	2	1	1	1	1	1	1	1	1
c1_AC124319.3	2	1	1	1	1	1	1	1	1
c1_AC131235.3	2	1	1	1	1	1	1	1	1
c1_AC138625.1	2	1	1	1	1	1	1	1	1
c1_AC235565.2	2	1	1	1	1	1	1	1	1
c1_AC244517.4	2	1	1	1	1	1	1	1	1
c1_ACBD3-AS1	2	1	1	1	1	1	1	1	1
c1_ACKR4	2	1	1	1	1	1	1	1	1
c1_AF067845.1	2	1	1	1	1	1	1	1	1
c1_AF111167.2	2	1	1	1	1	1	1	1	1
c1_AFAP1L2	2	1	1	1	1	1	1	1	1
c1_AJ011932.1	2	1	1	1	1	1	1	1	1
c1_AKR1D1	2	1	1	1	1	1	1	1	1
c1_AL021368.1	2	1	1	1	1	1	1	1	1
c1_AL021396.1	2	1	1	1	1	1	1	1	1
c1_AL049775.3	2	1	1	1	1	1	1	1	1
c1_AL109741.1	2	1	1	1	1	1	1	1	1
c1_AL121761.2	2	1	1	1	1	1	1	1	1
c1_AL132639.2	2	1	1	1	1	1	1	1	1
c1_AL133406.2	2	1	1	1	1	1	1	1	1
c1_AL139082.1	2	1	1	1	1	1	1	1	1
c1_AL157392.4	2	1	1	1	1	1	1	1	1
c1_AL158211.2	2	1	1	1	1	1	1	1	1
c1_AL353747.2	2	1	1	1	1	1	1	1	1
c1_AL353747.3	2	1	1	1	1	1	1	1	1
c1_AL354811.1	2	1	1	1	1	1	1	1	1
c1_AL355312.2	2	1	1	1	1	1	1	1	1
c1_AL355432.1	2	1	1	1	1	1	1	1	1
c1_AL356275.1	2	1	1	1	1	1	1	1	1
c1_AL356489.3	2	1	1	1	1	1	1	1	1
c1_AL357093.2	2	1	1	1	1	1	1	1	1
c1_AL357673.2	2	1	1	1	1	1	1	1	1
c1_AL359258.2	2	1	1	1	1	1	1	1	1
c1_AL359317.1	2	1	1	1	1	1	1	1	1
c1_AL442663.3	2	1	1	1	1	1	1	1	1
c1_AL451060.1	2	1	1	1	1	1	1	1	1
c1_AL512638.2	2	1	1	1	1	1	1	1	1
c1_AL513190.1	2	1	1	1	1	1	1	1	1
c1_AL583722.2	2	1	1	1	1	1	1	1	1
c1_AL590006.1	2	1	1	1	1	1	1	1	1
c1_AL590787.1	2	1	1	1	1	1	1	1	1
c1_AL645937.4	2	1	1	1	1	1	1	1	1
c1_AL671710.1	2	1	1	1	1	1	1	1	1
c1_AL672277.1	2	1	1	1	1	1	1	1	1
c1_ANKDD1B	2	1	1	1	1	1	1	1	1
c1_AP000442.2	2	1	1	1	1	1	1	1	1
c1_AP000446.1	2	1	1	1	1	1	1	1	1
c1_AP000911.3	2	1	1	1	1	1	1	1	1
c1_AP001453.4	2	1	1	1	1	1	1	1	1
c1_AP005328.2	2	1	1	1	1	1	1	1	1
c1_APOD	2	1	1	1	1	1	1	1	1
c1_APOL4	2	1	1	1	1	1	1	1	1
c1_ARHGAP4	2	1	1	1	1	1	1	1	1
c1_ASB14	2	1	1	1	1	1	1	1	1
c1_BMP3	2	1	1	1	1	1	1	1	1
c1_BUB1B-PAK6	2	1	1	1	1	1	1	1	1
c1_C3	2	1	1	1	1	1	1	1	1
c1_C4orf36	2	1	1	1	1	1	1	1	1
c1_C6	2	1	1	1	1	1	1	1	1
c1_C6orf52	2	1	1	1	1	1	1	1	1
c1_CACNG1	2	1	1	1	1	1	1	1	1
c1_CAGE1	2	1	1	1	1	1	1	1	1
c1_CALCR	2	1	1	1	1	1	1	1	1
c1_CATSPER3	2	1	1	1	1	1	1	1	1
c1_CFB	2	1	1	1	1	1	1	1	1
c1_CHST5	2	1	1	1	1	1	1	1	1
c1_CKM	2	1	1	1	1	1	1	1	1
c1_CLC	2	1	1	1	1	1	1	1	1
c1_CLIC5	2	1	1	1	1	1	1	1	1
c1_CU633980.1	2	1	1	1	1	1	1	1	1
c1_CYP2J2	2	1	1	1	1	1	1	1	1
c1_DCDC2B	2	1	1	1	1	1	1	1	1
c1_DLEU7	2	1	1	1	1	1	1	1	1
c1_DLX4	2	1	1	1	1	1	1	1	1
c1_DMRTA2	2	1	1	1	1	1	1	1	1
c1_DNAH10	2	1	1	1	1	1	1	1	1
c1_DNAH17	2	1	1	1	1	1	1	1	1
c1_DPH1	2	1	1	1	1	1	1	1	1
c1_DRAIC	2	1	1	1	1	1	1	1	1
c1_DUSP19	2	1	1	1	1	1	1	1	1
c1_DYDC1	2	1	1	1	1	1	1	1	1
c1_ECT2L	2	1	1	1	1	1	1	1	1
c1_FAM237A	2	1	1	1	1	1	1	1	1
c1_FAM72C	2	1	1	1	1	1	1	1	1
c1_FCGR2A	2	1	1	1	1	1	1	1	1
c1_FER1L6	2	1	1	1	1	1	1	1	1
c1_GFI1	2	1	1	1	1	1	1	1	1
c1_GPC5-AS1	2	1	1	1	1	1	1	1	1
c1_HP	2	1	1	1	1	1	1	1	1
c1_HSPB9	2	1	1	1	1	1	1	1	1
c1_HTD2	2	1	1	1	1	1	1	1	1
c1_IL6R-AS1	2	1	1	1	1	1	1	1	1
c1_IRF8	2	1	1	1	1	1	1	1	1
c1_ITGB3	2	1	1	1	1	1	1	1	1
c1_KIF17	2	1	1	1	1	1	1	1	1
c1_KLHL32	2	1	1	1	1	1	1	1	1
c1_KLHL6-AS1	2	1	1	1	1	1	1	1	1
c1_KLRC4	2	1	1	1	1	1	1	1	1
c1_LINC00211	2	1	1	1	1	1	1	1	1
c1_LINC00852	2	1	1	1	1	1	1	1	1
c1_LINC01072	2	1	1	1	1	1	1	1	1
c1_LINC01118	2	1	1	1	1	1	1	1	1
c1_LINC01429	2	1	1	1	1	1	1	1	1
c1_LINC01635	2	1	1	1	1	1	1	1	1
c1_LINC01641	2	1	1	1	1	1	1	1	1
c1_LINC01732	2	1	1	1	1	1	1	1	1
c1_LINC01786	2	1	1	1	1	1	1	1	1
c1_LINC01805	2	1	1	1	1	1	1	1	1
c1_LINC02026	2	1	1	1	1	1	1	1	1
c1_LINC02234	2	1	1	1	1	1	1	1	1
c1_LRMP	2	1	1	1	1	1	1	1	1
c1_LRRIQ3	2	1	1	1	1	1	1	1	1
c1_LZTS1-AS1	2	1	1	1	1	1	1	1	1
c1_MS4A2	2	1	1	1	1	1	1	1	1
c1_MYLK-AS2	2	1	1	1	1	1	1	1	1
c1_MYO3B	2	1	1	1	1	1	1	1	1
c1_MYOM1	2	1	1	1	1	1	1	1	1
c1_NLRP14	2	1	1	1	1	1	1	1	1
c1_NR5A1	2	1	1	1	1	1	1	1	1
c1_OR2J2	2	1	1	1	1	1	1	1	1
c1_PAQR5	2	1	1	1	1	1	1	1	1
c1_PART1	2	1	1	1	1	1	1	1	1
c1_PINK1-AS	2	1	1	1	1	1	1	1	1
c1_PPP1R36	2	1	1	1	1	1	1	1	1
c1_PRR29-AS1	2	1	1	1	1	1	1	1	1
c1_PRRT1	2	1	1	1	1	1	1	1	1
c1_PSAPL1	2	1	1	1	1	1	1	1	1
c1_PTK6	2	1	1	1	1	1	1	1	1
c1_RASSF6	2	1	1	1	1	1	1	1	1
c1_RGPD1	2	1	1	1	1	1	1	1	1
c1_RNF207	2	1	1	1	1	1	1	1	1
c1_RSAD2	2	1	1	1	1	1	1	1	1
c1_RTCA-AS1	2	1	1	1	1	1	1	1	1
c1_SEC16B	2	1	1	1	1	1	1	1	1
c1_SGCA	2	1	1	1	1	1	1	1	1
c1_SLC10A1	2	1	1	1	1	1	1	1	1
c1_SLC30A8	2	1	1	1	1	1	1	1	1
c1_SLC51B	2	1	1	1	1	1	1	1	1
c1_SLX1A	2	1	1	1	1	1	1	1	1
c1_SMN2	2	1	1	1	1	1	1	1	1
c1_SPEM1	2	1	1	1	1	1	1	1	1
c1_TCTE1	2	1	1	1	1	1	1	1	1
c1_TEX22	2	1	1	1	1	1	1	1	1
c1_TF	2	1	1	1	1	1	1	1	1
c1_TMEM132E	2	1	1	1	1	1	1	1	1
c1_TMEM140	2	1	1	1	1	1	1	1	1
c1_TMEM26	2	1	1	1	1	1	1	1	1
c1_TRDN	2	1	1	1	1	1	1	1	1
c1_TRPC5OS	2	1	1	1	1	1	1	1	1
c1_TUSC8	2	1	1	1	1	1	1	1	1
c1_UNC5CL	2	1	1	1	1	1	1	1	1
c1_UROC1	2	1	1	1	1	1	1	1	1
c1_USH2A	2	1	1	1	1	1	1	1	1
c1_USP50	2	1	1	1	1	1	1	1	1
c1_VPS33B-DT	2	1	1	1	1	1	1	1	1
c1_VSIG2	2	1	1	1	1	1	1	1	1
c1_Z84484.1	2	1	1	1	1	1	1	1	1
c1_ZBTB20-AS1	2	1	1	1	1	1	1	1	1
c1_ZNF366	2	1	1	1	1	1	1	1	1
c1_ZNF469	2	1	1	1	1	1	1	1	1
DUMMY63	-100	-100	-100	-100	-100	-100	-100	-100	-100
c1_AC002074.1	1	2	1	1	1	1	1	1	1
c1_AC005498.2	1	2	1	1	1	1	1	1	1
c1_AC006960.3	1	2	1	1	1	1	1	1	1
c1_AC007364.1	1	2	1	1	1	1	1	1	1
c1_AC007638.1	1	2	1	1	1	1	1	1	1
c1_AC007966.1	1	2	1	1	1	1	1	1	1
c1_AC008496.2	1	2	1	1	1	1	1	1	1
c1_AC008738.2	1	2	1	1	1	1	1	1	1
c1_AC008747.1	1	2	1	1	1	1	1	1	1
c1_AC008906.1	1	2	1	1	1	1	1	1	1
c1_AC009495.2	1	2	1	1	1	1	1	1	1
c1_AC009950.1	1	2	1	1	1	1	1	1	1
c1_AC010997.3	1	2	1	1	1	1	1	1	1
c1_AC011611.3	1	2	1	1	1	1	1	1	1
c1_AC018767.2	1	2	1	1	1	1	1	1	1
c1_AC020558.1	1	2	1	1	1	1	1	1	1
c1_AC020909.3	1	2	1	1	1	1	1	1	1
c1_AC020928.1	1	2	1	1	1	1	1	1	1
c1_AC022167.1	1	2	1	1	1	1	1	1	1
c1_AC025219.1	1	2	1	1	1	1	1	1	1
c1_AC025754.2	1	2	1	1	1	1	1	1	1
c1_AC026254.2	1	2	1	1	1	1	1	1	1
c1_AC040934.1	1	2	1	1	1	1	1	1	1
c1_AC067838.1	1	2	1	1	1	1	1	1	1
c1_AC079907.1	1	2	1	1	1	1	1	1	1
c1_AC104653.1	1	2	1	1	1	1	1	1	1
c1_AC116913.1	1	2	1	1	1	1	1	1	1
c1_AF131215.7	1	2	1	1	1	1	1	1	1
c1_AL020995.1	1	2	1	1	1	1	1	1	1
c1_AL022238.3	1	2	1	1	1	1	1	1	1
c1_AL109797.1	1	2	1	1	1	1	1	1	1
c1_AL121748.2	1	2	1	1	1	1	1	1	1
c1_AL121992.1	1	2	1	1	1	1	1	1	1
c1_AL136454.1	1	2	1	1	1	1	1	1	1
c1_AL138689.2	1	2	1	1	1	1	1	1	1
c1_AL138899.1	1	2	1	1	1	1	1	1	1
c1_AL139124.1	1	2	1	1	1	1	1	1	1
c1_AL353135.1	1	2	1	1	1	1	1	1	1
c1_AL354732.1	1	2	1	1	1	1	1	1	1
c1_AL358852.1	1	2	1	1	1	1	1	1	1
c1_AL391261.2	1	2	1	1	1	1	1	1	1
c1_AL449266.1	1	2	1	1	1	1	1	1	1
c1_AL512598.1	1	2	1	1	1	1	1	1	1
c1_ALK	1	2	1	1	1	1	1	1	1
c1_AP000759.1	1	2	1	1	1	1	1	1	1
c1_AP001020.3	1	2	1	1	1	1	1	1	1
c1_AP005131.1	1	2	1	1	1	1	1	1	1
c1_AP005205.2	1	2	1	1	1	1	1	1	1
c1_ARHGAP31-AS1	1	2	1	1	1	1	1	1	1
c1_ARHGEF35	1	2	1	1	1	1	1	1	1
c1_BASP1-AS1	1	2	1	1	1	1	1	1	1
c1_BEND6	1	2	1	1	1	1	1	1	1
c1_BX640515.1	1	2	1	1	1	1	1	1	1
c1_C14orf39	1	2	1	1	1	1	1	1	1
c1_C2orf83	1	2	1	1	1	1	1	1	1
c1_CLCNKB	1	2	1	1	1	1	1	1	1
c1_CLMP	1	2	1	1	1	1	1	1	1
c1_CNTNAP2	1	2	1	1	1	1	1	1	1
c1_CYP7B1	1	2	1	1	1	1	1	1	1
c1_DDX53	1	2	1	1	1	1	1	1	1
c1_EPHA1	1	2	1	1	1	1	1	1	1
c1_EPHA5	1	2	1	1	1	1	1	1	1
c1_EPHA5-AS1	1	2	1	1	1	1	1	1	1
c1_FAM47E-STBD1	1	2	1	1	1	1	1	1	1
c1_GFAP	1	2	1	1	1	1	1	1	1
c1_GNAT2	1	2	1	1	1	1	1	1	1
c1_GRAP2	1	2	1	1	1	1	1	1	1
c1_GUCY1B1	1	2	1	1	1	1	1	1	1
c1_HCG14	1	2	1	1	1	1	1	1	1
c1_HCG17	1	2	1	1	1	1	1	1	1
c1_HCG20	1	2	1	1	1	1	1	1	1
c1_HMCN1	1	2	1	1	1	1	1	1	1
c1_HTR1A	1	2	1	1	1	1	1	1	1
c1_IQCJ	1	2	1	1	1	1	1	1	1
c1_KCNV1	1	2	1	1	1	1	1	1	1
c1_LINC002481	1	2	1	1	1	1	1	1	1
c1_LINC00348	1	2	1	1	1	1	1	1	1
c1_LINC00589	1	2	1	1	1	1	1	1	1
c1_LINC00703	1	2	1	1	1	1	1	1	1
c1_LINC01063	1	2	1	1	1	1	1	1	1
c1_LINC01229	1	2	1	1	1	1	1	1	1
c1_LINC02259	1	2	1	1	1	1	1	1	1
c1_LINC02352	1	2	1	1	1	1	1	1	1
c1_LINC02398	1	2	1	1	1	1	1	1	1
c1_LMO3	1	2	1	1	1	1	1	1	1
c1_LMX1A	1	2	1	1	1	1	1	1	1
c1_LYZL4	1	2	1	1	1	1	1	1	1
c1_MCF2L-AS1	1	2	1	1	1	1	1	1	1
c1_MFAP3	1	2	1	1	1	1	1	1	1
c1_MUC16	1	2	1	1	1	1	1	1	1
c1_NPPC	1	2	1	1	1	1	1	1	1
c1_PCDHA11	1	2	1	1	1	1	1	1	1
c1_PCDHGA9	1	2	1	1	1	1	1	1	1
c1_PHEX-AS1	1	2	1	1	1	1	1	1	1
c1_PLIN4	1	2	1	1	1	1	1	1	1
c1_PRG4	1	2	1	1	1	1	1	1	1
c1_PRICKLE1	1	2	1	1	1	1	1	1	1
c1_PRR4	1	2	1	1	1	1	1	1	1
c1_RASGRF2-AS1	1	2	1	1	1	1	1	1	1
c1_RDH16	1	2	1	1	1	1	1	1	1
c1_RNF180	1	2	1	1	1	1	1	1	1
c1_RNF219-AS1	1	2	1	1	1	1	1	1	1
c1_RUSC1-AS1	1	2	1	1	1	1	1	1	1
c1_SAMD3	1	2	1	1	1	1	1	1	1
c1_SEMA3D	1	2	1	1	1	1	1	1	1
c1_SIX4	1	2	1	1	1	1	1	1	1
c1_SLC6A15	1	2	1	1	1	1	1	1	1
c1_SNX16	1	2	1	1	1	1	1	1	1
c1_SOX30	1	2	1	1	1	1	1	1	1
c1_SPDYA	1	2	1	1	1	1	1	1	1
c1_STK4-AS1	1	2	1	1	1	1	1	1	1
c1_SYNE1-AS1	1	2	1	1	1	1	1	1	1
c1_TAB3-AS2	1	2	1	1	1	1	1	1	1
c1_TINAGL1	1	2	1	1	1	1	1	1	1
c1_TMC1	1	2	1	1	1	1	1	1	1
c1_TMEM236	1	2	1	1	1	1	1	1	1
c1_TMEM56-RWDD3	1	2	1	1	1	1	1	1	1
c1_USP6	1	2	1	1	1	1	1	1	1
c1_ZNF549	1	2	1	1	1	1	1	1	1
DUMMY64	-100	-100	-100	-100	-100	-100	-100	-100	-100
c1_AC003035.2	2	1	1	1	1	1	2	1	1
c1_MCOLN3	2	1	1	1	1	1	2	1	1
c1_AC084782.2	2	1	1	1	1	1	2	1	1
c1_AC124067.4	2	1	1	1	1	1	2	1	1
c1_NPHS1	2	1	1	1	1	1	2	1	1
c1_CALM2	2	1	1	1	1	1	2	1	1
c1_PRR22	2	1	1	1	1	1	2	1	1
c1_CLNK	2	1	1	1	1	1	2	1	1
c1_RAB26	2	1	1	1	1	1	2	1	1
c1_DLGAP2	2	1	1	1	1	1	2	1	1
c1_SERPIND1	2	1	1	1	1	1	2	1	1
c1_STARD13	2	1	1	1	1	1	2	1	1
c1_ERICH6	2	1	1	1	1	1	2	1	1
c1_LINC02417	2	1	1	1	1	1	2	1	1
c1_IQCA1	2	1	1	1	1	1	2	1	1
c1_HIST1H4I	2	1	1	1	1	1	2	1	1
c1_AL365204.2	2	1	1	1	1	1	2	1	1
c1_AC093591.2	2	1	1	1	1	1	2	1	1
c1_FAM225B	2	1	1	1	1	1	2	1	1
c1_YWHAZ	2	1	1	1	1	1	2	1	1
c1_ZNF165	2	1	1	1	1	1	2	1	1
c1_GALR2	2	1	1	1	1	1	2	1	1
c1_KRTCAP3	2	1	1	1	1	1	2	1	1
c1_AC092757.3	2	1	1	1	1	1	2	1	1
c1_AP001527.1	2	1	1	1	1	1	2	1	1
c1_MLPH	2	1	1	1	1	1	2	1	1
c1_LNCSRLR	2	1	1	1	1	1	2	1	1
c1_AC016252.1	2	1	1	1	1	1	2	1	1
c1_MIRLET7BHG	2	1	1	1	1	1	2	1	1
c1_AC008494.3	2	1	1	1	1	1	2	1	1
DUMMY65	-100	-100	-100	-100	-100	-100	-100	-100	-100
c1_AC097359.2	2	2	1	1	1	1	1	1	1
c1_LINC01208	2	2	1	1	1	1	1	1	1
c1_LINC01422	2	2	1	1	1	1	1	1	1
c1_ARHGAP15	2	2	1	1	1	1	1	1	1
c1_FPGT-TNNI3K	2	2	1	1	1	1	1	1	1
c1_SYT5	2	2	1	1	1	1	1	1	1
c1_LY86-AS1	2	2	1	1	1	1	1	1	1
c1_ERICH6B	2	2	1	1	1	1	1	1	1
c1_LINC01554	2	2	1	1	1	1	1	1	1
c1_TSPOAP1-AS1	2	2	1	1	1	1	1	1	1
c1_GIPC2	2	2	1	1	1	1	1	1	1
DUMMY66	-100	-100	-100	-100	-100	-100	-100	-100	-100
c1_AC007611.1	1	1	2	1	1	2	1	1	1
c1_AC091057.3	1	1	2	1	1	2	1	1	1
c1_AC007920.2	1	1	2	1	1	2	1	1	1
c1_KCNJ16	1	1	2	1	1	2	1	1	1
c1_CRB1	1	1	2	1	1	2	1	1	1
c1_AL035681.1	1	1	2	1	1	2	1	1	1
c1_NOP2	1	1	2	1	1	2	1	1	1
c1_LINC01970	1	1	2	1	1	2	1	1	1
c1_AL022238.2	1	1	2	1	1	2	1	1	1
c1_IGFL2	1	1	2	1	1	2	1	1	1
c1_CMTM5	1	1	2	1	1	2	1	1	1
c1_ARHGEF11	1	1	2	1	1	2	1	1	1
c1_ACR	1	1	2	1	1	2	1	1	1
c1_AP003086.1	1	1	2	1	1	2	1	1	1
c1_AC129507.2	1	1	2	1	1	2	1	1	1
c1_FETUB	1	1	2	1	1	2	1	1	1
c1_SERPINB9P1	1	1	2	1	1	2	1	1	1
c1_PTGIR	1	1	2	1	1	2	1	1	1
c1_AL136304.1	1	1	2	1	1	2	1	1	1
c1_AC113194.1	1	1	2	1	1	2	1	1	1
c1_AC024257.4	1	1	2	1	1	2	1	1	1
c1_GNG12-AS1	1	1	2	1	1	2	1	1	1
c1_SLC2A9	1	1	2	1	1	2	1	1	1
c1_SHISA9	1	1	2	1	1	2	1	1	1
c1_FHL2	1	1	2	1	1	2	1	1	1
c1_AC106047.1	1	1	2	1	1	2	1	1	1
c1_AC020637.1	1	1	2	1	1	2	1	1	1
DUMMY67	-100	-100	-100	-100	-100	-100	-100	-100	-100
c1_AC010168.1	1	1	1	1	1	1	3	1	1
c1_HIST1H2AM	1	1	1	1	1	1	3	1	1
c1_AL358113.1	1	1	1	1	1	1	3	1	1
c1_AC097460.1	1	1	1	1	1	1	3	1	1
c1_AL360182.2	1	1	1	1	1	1	3	1	1
c1_AL139193.2	1	1	1	1	1	1	3	1	1
c1_LINC01186	1	1	1	1	1	1	3	1	1
c1_SLFN11	1	1	1	1	1	1	3	1	1
c1_AC083973.1	1	1	1	1	1	1	3	1	1
c1_AL139424.1	1	1	1	1	1	1	3	1	1
c1_PRIM1	1	1	1	1	1	1	3	1	1
c1_LINC01447	1	1	1	1	1	1	3	1	1
c1_AL136309.4	1	1	1	1	1	1	3	1	1
DUMMY68	-100	-100	-100	-100	-100	-100	-100	-100	-100
c1_AC010275.1	1	1	2	1	1	1	2	1	1
c1_CTBP1-AS	1	1	2	1	1	1	2	1	1
c1_EGOT	1	1	2	1	1	1	2	1	1
c1_AL034374.1	1	1	2	1	1	1	2	1	1
c1_AC130324.3	1	1	2	1	1	1	2	1	1
c1_ASB9	1	1	2	1	1	1	2	1	1
c1_AC092053.3	1	1	2	1	1	1	2	1	1
c1_AC090907.2	1	1	2	1	1	1	2	1	1
c1_AC104938.1	1	1	2	1	1	1	2	1	1
c1_AC104984.3	1	1	2	1	1	1	2	1	1
c1_AC092364.1	1	1	2	1	1	1	2	1	1
c1_AC016394.2	1	1	2	1	1	1	2	1	1
c1_CFLAR-AS1	1	1	2	1	1	1	2	1	1
c1_AC036108.3	1	1	2	1	1	1	2	1	1
c1_EGR2	1	1	2	1	1	1	2	1	1
c1_LINC00346	1	1	2	1	1	1	2	1	1
c1_LINC01901	1	1	2	1	1	1	2	1	1
c1_AC069224.1	1	1	2	1	1	1	2	1	1
c1_ERBB3	1	1	2	1	1	1	2	1	1
c1_LINC00691	1	1	2	1	1	1	2	1	1
c1_RGS5	1	1	2	1	1	1	2	1	1
c1_AL121936.1	1	1	2	1	1	1	2	1	1
c1_CBLN3	1	1	2	1	1	1	2	1	1
c1_AC234772.3	1	1	2	1	1	1	2	1	1
c1_F2RL2	1	1	2	1	1	1	2	1	1
c1_TEX14	1	1	2	1	1	1	2	1	1
c1_MMP7	1	1	2	1	1	1	2	1	1
c1_ESR1	1	1	2	1	1	1	2	1	1
c1_FOXD1	1	1	2	1	1	1	2	1	1
c1_ZNF704	1	1	2	1	1	1	2	1	1
c1_ANKRD20A1	1	1	2	1	1	1	2	1	1
DUMMY69	-100	-100	-100	-100	-100	-100	-100	-100	-100
c1_AC097478.2	1	1	2	1	1	3	1	1	1
c1_PRICKLE3	1	1	2	1	1	3	1	1	1
c1_TMC6	1	1	2	1	1	3	1	1	1
c1_AC103746.1	1	1	2	1	1	3	1	1	1
c1_METTL7A	1	1	2	1	1	3	1	1	1
c1_VEPH1	1	1	2	1	1	3	1	1	1
c1_CPA1	1	1	2	1	1	3	1	1	1
c1_TREM2	1	1	2	1	1	3	1	1	1
c1_COL23A1	1	1	2	1	1	3	1	1	1
DUMMY70	-100	-100	-100	-100	-100	-100	-100	-100	-100
c1_AC002064.1	3	1	1	1	3	3	3	3	3
c1_SKA1	3	1	1	1	3	3	3	3	3
c1_SLCO2A1	3	1	1	1	3	3	3	3	3
c1_SERPINA11	3	1	1	1	3	3	3	3	3
c1_AC097480.1	3	1	1	1	3	3	3	3	3
c1_AC093388.1	3	1	1	1	3	3	3	3	3
c1_AL590648.3	3	1	1	1	3	3	3	3	3
c1_H1FOO	3	1	1	1	3	3	3	3	3
c1_ITGB7	3	1	1	1	3	3	3	3	3
c1_LINC00445	3	1	1	1	3	3	3	3	3
c1_SRARP	3	1	1	1	3	3	3	3	3
c1_AC022034.2	3	1	1	1	3	3	3	3	3
DUMMY71	-100	-100	-100	-100	-100	-100	-100	-100	-100
c1_AC002076.1	1	1	1	1	1	3	1	1	1
c1_LBX2-AS1	1	1	1	1	1	3	1	1	1
c1_AC020909.2	1	1	1	1	1	3	1	1	1
c1_LINC00092	1	1	1	1	1	3	1	1	1
c1_C16orf74	1	1	1	1	1	3	1	1	1
c1_LINC01393	1	1	1	1	1	3	1	1	1
c1_AC108865.2	1	1	1	1	1	3	1	1	1
c1_LINC00659	1	1	1	1	1	3	1	1	1
c1_C1orf61	1	1	1	1	1	3	1	1	1
c1_LINC01338	1	1	1	1	1	3	1	1	1
c1_AL157400.2	1	1	1	1	1	3	1	1	1
c1_Z97205.2	1	1	1	1	1	3	1	1	1
c1_UBD	1	1	1	1	1	3	1	1	1
c1_GCNT3	1	1	1	1	1	3	1	1	1
c1_AC004771.2	1	1	1	1	1	3	1	1	1
c1_TRPV4	1	1	1	1	1	3	1	1	1
c1_WNT7A	1	1	1	1	1	3	1	1	1
c1_GDF3	1	1	1	1	1	3	1	1	1
c1_AL354707.2	1	1	1	1	1	3	1	1	1
c1_AF240627.1	1	1	1	1	1	3	1	1	1
c1_PPP1R14A	1	1	1	1	1	3	1	1	1
c1_AIF1	1	1	1	1	1	3	1	1	1
c1_PRSS57	1	1	1	1	1	3	1	1	1
c1_RSPH6A	1	1	1	1	1	3	1	1	1
c1_DBX2	1	1	1	1	1	3	1	1	1
c1_AC090844.2	1	1	1	1	1	3	1	1	1
c1_AP005120.1	1	1	1	1	1	3	1	1	1
c1_ICAM2	1	1	1	1	1	3	1	1	1
c1_HIST1H2AL	1	1	1	1	1	3	1	1	1
c1_AC097478.3	1	1	1	1	1	3	1	1	1
c1_AC092127.2	1	1	1	1	1	3	1	1	1
c1_MSX2	1	1	1	1	1	3	1	1	1
c1_CCL18	1	1	1	1	1	3	1	1	1
c1_DWORF	1	1	1	1	1	3	1	1	1
c1_TESC	1	1	1	1	1	3	1	1	1
c1_SYT8	1	1	1	1	1	3	1	1	1
c1_AC068535.1	1	1	1	1	1	3	1	1	1
c1_F3	1	1	1	1	1	3	1	1	1
c1_TM4SF18	1	1	1	1	1	3	1	1	1
c1_TNNI2	1	1	1	1	1	3	1	1	1
c1_AC011139.1	1	1	1	1	1	3	1	1	1
c1_DENND2D	1	1	1	1	1	3	1	1	1
c1_SGCG	1	1	1	1	1	3	1	1	1
c1_S100P	1	1	1	1	1	3	1	1	1
c1_AC010285.1	1	1	1	1	1	3	1	1	1
c1_PPY	1	1	1	1	1	3	1	1	1
c1_CXCR2	1	1	1	1	1	3	1	1	1
c1_PGM5	1	1	1	1	1	3	1	1	1
c1_CTXN3	1	1	1	1	1	3	1	1	1
c1_LINC00942	1	1	1	1	1	3	1	1	1
c1_BIRC7	1	1	1	1	1	3	1	1	1
c1_AL356277.3	1	1	1	1	1	3	1	1	1
c1_MYCL	1	1	1	1	1	3	1	1	1
c1_AC025038.1	1	1	1	1	1	3	1	1	1
c1_NOS3	1	1	1	1	1	3	1	1	1
c1_CLRN1	1	1	1	1	1	3	1	1	1
c1_PAX8	1	1	1	1	1	3	1	1	1
c1_CSF3R	1	1	1	1	1	3	1	1	1
c1_DIO3OS	1	1	1	1	1	3	1	1	1
c1_SLC13A5	1	1	1	1	1	3	1	1	1
c1_SLPI	1	1	1	1	1	3	1	1	1
c1_AC068205.1	1	1	1	1	1	3	1	1	1
c1_NMU	1	1	1	1	1	3	1	1	1
c1_CLIP1-AS1	1	1	1	1	1	3	1	1	1
c1_LINC00524	1	1	1	1	1	3	1	1	1
c1_ZNF750	1	1	1	1	1	3	1	1	1
c1_GPR20	1	1	1	1	1	3	1	1	1
c1_AL357507.1	1	1	1	1	1	3	1	1	1
c1_MOCOS	1	1	1	1	1	3	1	1	1
c1_CD79B	1	1	1	1	1	3	1	1	1
c1_NCCRP1	1	1	1	1	1	3	1	1	1
c1_CLDN4	1	1	1	1	1	3	1	1	1
c1_NEUROG3	1	1	1	1	1	3	1	1	1
c1_ACKR3	1	1	1	1	1	3	1	1	1
c1_MTTP	1	1	1	1	1	3	1	1	1
c1_AC133785.1	1	1	1	1	1	3	1	1	1
c1_MMP3	1	1	1	1	1	3	1	1	1
c1_CCDC63	1	1	1	1	1	3	1	1	1
c1_AL445072.1	1	1	1	1	1	3	1	1	1
c1_MIR548XHG	1	1	1	1	1	3	1	1	1
c1_AC023794.3	1	1	1	1	1	3	1	1	1
c1_LYZL2	1	1	1	1	1	3	1	1	1
c1_AC023794.1	1	1	1	1	1	3	1	1	1
c1_LY75	1	1	1	1	1	3	1	1	1
c1_CALCB	1	1	1	1	1	3	1	1	1
c1_LRRC32	1	1	1	1	1	3	1	1	1
c1_AC003092.1	1	1	1	1	1	3	1	1	1
c1_INHBE	1	1	1	1	1	3	1	1	1
c1_APOBEC3D	1	1	1	1	1	3	1	1	1
c1_IGDCC3	1	1	1	1	1	3	1	1	1
c1_AC099489.3	1	1	1	1	1	3	1	1	1
DUMMY72	-100	-100	-100	-100	-100	-100	-100	-100	-100
c1_AC006305.1	2	1	1	1	1	2	1	1	1
c1_PRMT5-AS1	2	1	1	1	1	2	1	1	1
c1_PRX	2	1	1	1	1	2	1	1	1
c1_DM1-AS	2	1	1	1	1	2	1	1	1
c1_AC061992.1	2	1	1	1	1	2	1	1	1
c1_MS4A7	2	1	1	1	1	2	1	1	1
c1_OVOL1-AS1	2	1	1	1	1	2	1	1	1
c1_DENND6A-AS1	2	1	1	1	1	2	1	1	1
c1_AL590226.2	2	1	1	1	1	2	1	1	1
c1_AC092198.1	2	1	1	1	1	2	1	1	1
c1_AL583808.1	2	1	1	1	1	2	1	1	1
c1_AC090825.1	2	1	1	1	1	2	1	1	1
c1_HOXA-AS3	2	1	1	1	1	2	1	1	1
c1_AMBP	2	1	1	1	1	2	1	1	1
c1_HSPB6	2	1	1	1	1	2	1	1	1
c1_AC013652.1	2	1	1	1	1	2	1	1	1
c1_MARCO	2	1	1	1	1	2	1	1	1
c1_CLEC4C	2	1	1	1	1	2	1	1	1
c1_FAM86B2	2	1	1	1	1	2	1	1	1
c1_SP5	2	1	1	1	1	2	1	1	1
c1_SCGN	2	1	1	1	1	2	1	1	1
c1_AL132800.1	2	1	1	1	1	2	1	1	1
c1_LINC01607	2	1	1	1	1	2	1	1	1
c1_CCDC129	2	1	1	1	1	2	1	1	1
c1_LINC01419	2	1	1	1	1	2	1	1	1
c1_CASQ2	2	1	1	1	1	2	1	1	1
c1_JADRR	2	1	1	1	1	2	1	1	1
c1_CASP4	2	1	1	1	1	2	1	1	1
c1_FRMPD2	2	1	1	1	1	2	1	1	1
c1_TMEM176B	2	1	1	1	1	2	1	1	1
c1_SOWAHB	2	1	1	1	1	2	1	1	1
c1_AC079354.1	2	1	1	1	1	2	1	1	1
c1_INMT	2	1	1	1	1	2	1	1	1
c1_ZC3H12A	2	1	1	1	1	2	1	1	1
c1_GPR146	2	1	1	1	1	2	1	1	1
DUMMY73	-100	-100	-100	-100	-100	-100	-100	-100	-100
c1_ABHD3	2	2	2	2	2	2	3	3	2
c1_SPATA33	2	2	2	2	2	2	3	3	2
c1_TGFB3	2	2	2	2	2	2	3	3	2
c1_FEN1	2	2	2	2	2	2	3	3	2
c1_COMMD4	2	2	2	2	2	2	3	3	2
c1_POLA2	2	2	2	2	2	2	3	3	2
c1_DDX60	2	2	2	2	2	2	3	3	2
c1_RPA3	2	2	2	2	2	2	3	3	2
c1_SGMS2	2	2	2	2	2	2	3	3	2
c1_DPY19L1	2	2	2	2	2	2	3	3	2
c1_LIG1	2	2	2	2	2	2	3	3	2
c1_KIF20B	2	2	2	2	2	2	3	3	2
c1_INAVA	2	2	2	2	2	2	3	3	2
c1_HIST1H2AG	2	2	2	2	2	2	3	3	2
c1_HAUS6	2	2	2	2	2	2	3	3	2
c1_ARL6IP6	2	2	2	2	2	2	3	3	2
c1_NUCB2	2	2	2	2	2	2	3	3	2
c1_NASP	2	2	2	2	2	2	3	3	2
c1_AC098818.2	2	2	2	2	2	2	3	3	2
c1_PLK4	2	2	2	2	2	2	3	3	2
c1_CDKN3	2	2	2	2	2	2	3	3	2
c1_PHTF1	2	2	2	2	2	2	3	3	2
c1_CBR3	2	2	2	2	2	2	3	3	2
c1_GINS3	2	2	2	2	2	2	3	3	2
c1_VRK1	2	2	2	2	2	2	3	3	2
c1_TMCO4	2	2	2	2	2	2	3	3	2
c1_GINS1	2	2	2	2	2	2	3	3	2
c1_NPNT	2	2	2	2	2	2	3	3	2
c1_TRAIP	2	2	2	2	2	2	3	3	2
c1_GINS2	2	2	2	2	2	2	3	3	2
DUMMY74	-100	-100	-100	-100	-100	-100	-100	-100	-100
c1_AC013724.1	3	1	1	1	1	1	2	1	1
c1_KRT77	3	1	1	1	1	1	2	1	1
c1_OGN	3	1	1	1	1	1	2	1	1
c1_AP003716.1	3	1	1	1	1	1	2	1	1
c1_KCNRG	3	1	1	1	1	1	2	1	1
c1_KNCN	3	1	1	1	1	1	2	1	1
DUMMY75	-100	-100	-100	-100	-100	-100	-100	-100	-100
c1_AC024257.3	1	1	2	1	1	2	2	2	2
c1_SPN	1	1	2	1	1	2	2	2	2
c1_CLCF1	1	1	2	1	1	2	2	2	2
c1_TBC1D10A	1	1	2	1	1	2	2	2	2
c1_BCL2L14	1	1	2	1	1	2	2	2	2
c1_ALS2CL	1	1	2	1	1	2	2	2	2
DUMMY76	-100	-100	-100	-100	-100	-100	-100	-100	-100
c1_BLM	2	1	1	1	1	3	3	3	3
c1_TTK	2	1	1	1	1	3	3	3	3
c1_MRPL23-AS1	2	1	1	1	1	3	3	3	3
c1_PKN3	2	1	1	1	1	3	3	3	3
c1_SKA3	2	1	1	1	1	3	3	3	3
c1_TROAP	2	1	1	1	1	3	3	3	3
c1_TACC3	2	1	1	1	1	3	3	3	3
c1_KIF18B	2	1	1	1	1	3	3	3	3
DUMMY77	-100	-100	-100	-100	-100	-100	-100	-100	-100
c1_AC007365.1	1	2	1	1	1	1	2	1	1
c1_AD000671.3	1	2	1	1	1	1	2	1	1
c1_ZMYND15	1	2	1	1	1	1	2	1	1
c1_FNDC7	1	2	1	1	1	1	2	1	1
c1_AC046168.1	1	2	1	1	1	1	2	1	1
c1_STMN1	1	2	1	1	1	1	2	1	1
c1_AC106782.2	1	2	1	1	1	1	2	1	1
c1_PCDHGB5	1	2	1	1	1	1	2	1	1
c1_AC104958.2	1	2	1	1	1	1	2	1	1
c1_AC099811.3	1	2	1	1	1	1	2	1	1
c1_SLCO4C1	1	2	1	1	1	1	2	1	1
c1_AC037487.1	1	2	1	1	1	1	2	1	1
c1_POC1B-AS1	1	2	1	1	1	1	2	1	1
c1_CALML6	1	2	1	1	1	1	2	1	1
DUMMY78	-100	-100	-100	-100	-100	-100	-100	-100	-100
c1_AADAC	1	3	3	3	1	1	1	1	1
c1_COL8A1	1	3	3	3	1	1	1	1	1
c1_TRAV41	1	3	3	3	1	1	1	1	1
c1_AC011700.1	1	3	3	3	1	1	1	1	1
c1_ALDH1A3	1	3	3	3	1	1	1	1	1
c1_AC100791.3	1	3	3	3	1	1	1	1	1
c1_KLKB1	1	3	3	3	1	1	1	1	1
c1_AFP	1	3	3	3	1	1	1	1	1
c1_CARD6	1	3	3	3	1	1	1	1	1
c1_AC138150.2	1	3	3	3	1	1	1	1	1
c1_AL135923.2	1	3	3	3	1	1	1	1	1
c1_LINC00052	1	3	3	3	1	1	1	1	1
c1_PI15	1	3	3	3	1	1	1	1	1
c1_AC079760.2	1	3	3	3	1	1	1	1	1
DUMMY79	-100	-100	-100	-100	-100	-100	-100	-100	-100
c1_AC007613.1	1	1	1	1	1	2	2	1	1
c1_ATP11C	1	1	1	1	1	2	2	1	1
c1_LTC4S	1	1	1	1	1	2	2	1	1
c1_LY6E	1	1	1	1	1	2	2	1	1
c1_AC100800.1	1	1	1	1	1	2	2	1	1
c1_AL391069.2	1	1	1	1	1	2	2	1	1
c1_HIP1	1	1	1	1	1	2	2	1	1
c1_LINC00565	1	1	1	1	1	2	2	1	1
c1_DHRS13	1	1	1	1	1	2	2	1	1
c1_SPHK1	1	1	1	1	1	2	2	1	1
c1_SYNE3	1	1	1	1	1	2	2	1	1
c1_AL021707.7	1	1	1	1	1	2	2	1	1
c1_HRC	1	1	1	1	1	2	2	1	1
c1_MAP4K2	1	1	1	1	1	2	2	1	1
c1_AC107959.2	1	1	1	1	1	2	2	1	1
c1_IGSF9	1	1	1	1	1	2	2	1	1
c1_LINC01224	1	1	1	1	1	2	2	1	1
c1_LINC02029	1	1	1	1	1	2	2	1	1
c1_SLC25A15	1	1	1	1	1	2	2	1	1
c1_AC009902.2	1	1	1	1	1	2	2	1	1
c1_PLCXD1	1	1	1	1	1	2	2	1	1
c1_CCNE1	1	1	1	1	1	2	2	1	1
c1_EEF1B2	1	1	1	1	1	2	2	1	1
c1_TADA1	1	1	1	1	1	2	2	1	1
c1_TMEM200B	1	1	1	1	1	2	2	1	1
c1_AC069234.2	1	1	1	1	1	2	2	1	1
c1_RNF24	1	1	1	1	1	2	2	1	1
c1_CHRNA10	1	1	1	1	1	2	2	1	1
c1_PTPN6	1	1	1	1	1	2	2	1	1
c1_AC226118.1	1	1	1	1	1	2	2	1	1
c1_EYA2	1	1	1	1	1	2	2	1	1
c1_USP49	1	1	1	1	1	2	2	1	1
c1_TSGA10IP	1	1	1	1	1	2	2	1	1
c1_AC072061.1	1	1	1	1	1	2	2	1	1
c1_FBLN2	1	1	1	1	1	2	2	1	1
c1_ZNF726	1	1	1	1	1	2	2	1	1
c1_WDYHV1	1	1	1	1	1	2	2	1	1
c1_FASTKD3	1	1	1	1	1	2	2	1	1
c1_AL136038.3	1	1	1	1	1	2	2	1	1
c1_ZNF250	1	1	1	1	1	2	2	1	1
c1_ZNF695	1	1	1	1	1	2	2	1	1
c1_AC074135.1	1	1	1	1	1	2	2	1	1
c1_PLEKHF1	1	1	1	1	1	2	2	1	1
c1_CCDC17	1	1	1	1	1	2	2	1	1
c1_FUT4	1	1	1	1	1	2	2	1	1
c1_ZSCAN20	1	1	1	1	1	2	2	1	1
c1_ZNF783	1	1	1	1	1	2	2	1	1
c1_FMNL3	1	1	1	1	1	2	2	1	1
c1_NTF4	1	1	1	1	1	2	2	1	1
c1_C9orf50	1	1	1	1	1	2	2	1	1
c1_MADCAM1	1	1	1	1	1	2	2	1	1
c1_ATP23	1	1	1	1	1	2	2	1	1
DUMMY80	-100	-100	-100	-100	-100	-100	-100	-100	-100
c1_ASB10	1	1	3	1	1	1	1	1	1
c1_NPY	1	1	3	1	1	1	1	1	1
c1_LIX1-AS1	1	1	3	1	1	1	1	1	1
c1_MMP10	1	1	3	1	1	1	1	1	1
c1_LINC01480	1	1	3	1	1	1	1	1	1
DUMMY82	-100	-100	-100	-100	-100	-100	-100	-100	-100
c1_ARHGEF39	1	1	1	1	1	2	3	3	3
c1_C18orf54	1	1	1	1	1	2	3	3	3
c1_NRGN	1	1	1	1	1	2	3	3	3
c1_HIST1H3F	1	1	1	1	1	2	3	3	3
c1_ART5	1	1	1	1	1	2	3	3	3
c1_TCF19	1	1	1	1	1	2	3	3	3
c1_CHAF1B	1	1	1	1	1	2	3	3	3
c1_RAD54B	1	1	1	1	1	2	3	3	3
c1_CENPI	1	1	1	1	1	2	3	3	3
c1_PRC1	1	1	1	1	1	2	3	3	3
c1_CENPE	1	1	1	1	1	2	3	3	3
c1_PRR11	1	1	1	1	1	2	3	3	3
c1_CDCA3	1	1	1	1	1	2	3	3	3
c1_FIGNL1	1	1	1	1	1	2	3	3	3
c1_ZNF732	1	1	1	1	1	2	3	3	3
c1_ZNF724	1	1	1	1	1	2	3	3	3
c1_FAM83D	1	1	1	1	1	2	3	3	3
c1_PARPBP	1	1	1	1	1	2	3	3	3
c1_C5orf34	1	1	1	1	1	2	3	3	3
DUMMY83	-100	-100	-100	-100	-100	-100	-100	-100	-100
c1_AURKB	2	1	1	1	2	3	3	3	3
c1_BIRC5	2	1	1	1	2	3	3	3	3
c1_KIF2C	2	1	1	1	2	3	3	3	3
c1_CCNA2	2	1	1	1	2	3	3	3	3
c1_ERCC6L	2	1	1	1	2	3	3	3	3
c1_NCAPG	2	1	1	1	2	3	3	3	3
c1_NCAPH	2	1	1	1	2	3	3	3	3
c1_DEPDC1	2	1	1	1	2	3	3	3	3
c1_EXO1	2	1	1	1	2	3	3	3	3
c1_SPC25	2	1	1	1	2	3	3	3	3
c1_ORC1	2	1	1	1	2	3	3	3	3
c1_ESCO2	2	1	1	1	2	3	3	3	3
c1_MRGPRF	2	1	1	1	2	3	3	3	3
c1_CENPA	2	1	1	1	2	3	3	3	3
c1_KIF23	2	1	1	1	2	3	3	3	3
c1_CD300A	2	1	1	1	2	3	3	3	3
DUMMY87	-100	-100	-100	-100	-100	-100	-100	-100	-100
c1_AC009158.1	1	2	2	2	1	1	1	1	1
c1_NOMO2	1	2	2	2	1	1	1	1	1
c1_AKR1B10	1	2	2	2	1	1	1	1	1
c1_SLC7A10	1	2	2	2	1	1	1	1	1
c1_SLC22A1	1	2	2	2	1	1	1	1	1
c1_DCAF4L1	1	2	2	2	1	1	1	1	1
c1_AC092378.1	1	2	2	2	1	1	1	1	1
c1_FAM83B	1	2	2	2	1	1	1	1	1
c1_UBQLNL	1	2	2	2	1	1	1	1	1
c1_Z99289.3	1	2	2	2	1	1	1	1	1
c1_FNDC1	1	2	2	2	1	1	1	1	1
c1_AC104984.1	1	2	2	2	1	1	1	1	1
c1_ALG1L	1	2	2	2	1	1	1	1	1
c1_HS6ST3	1	2	2	2	1	1	1	1	1
c1_AC109466.1	1	2	2	2	1	1	1	1	1
c1_AC012636.1	1	2	2	2	1	1	1	1	1
c1_AC093635.1	1	2	2	2	1	1	1	1	1
c1_SLC39A12	1	2	2	2	1	1	1	1	1
c1_AF131216.3	1	2	2	2	1	1	1	1	1
c1_AL080317.1	1	2	2	2	1	1	1	1	1
c1_SNTG1	1	2	2	2	1	1	1	1	1
c1_TAF7L	1	2	2	2	1	1	1	1	1
c1_AC068875.1	1	2	2	2	1	1	1	1	1
c1_RPE65	1	2	2	2	1	1	1	1	1
c1_ACTG2	1	2	2	2	1	1	1	1	1
c1_PRAM1	1	2	2	2	1	1	1	1	1
c1_CNKSR2	1	2	2	2	1	1	1	1	1
c1_NXPH1	1	2	2	2	1	1	1	1	1
c1_AC026355.1	1	2	2	2	1	1	1	1	1
c1_NPB	1	2	2	2	1	1	1	1	1
c1_AC124657.1	1	2	2	2	1	1	1	1	1
c1_LINC02478	1	2	2	2	1	1	1	1	1
c1_AC123786.1	1	2	2	2	1	1	1	1	1
c1_LIX1L-AS1	1	2	2	2	1	1	1	1	1
c1_AC022167.4	1	2	2	2	1	1	1	1	1
c1_IFI44L	1	2	2	2	1	1	1	1	1
c1_AC112220.2	1	2	2	2	1	1	1	1	1
c1_HR	1	2	2	2	1	1	1	1	1
c1_AC110048.2	1	2	2	2	1	1	1	1	1
c1_AP004609.3	1	2	2	2	1	1	1	1	1
c1_ZNF737	1	2	2	2	1	1	1	1	1
c1_AC083829.2	1	2	2	2	1	1	1	1	1
DUMMY88	-100	-100	-100	-100	-100	-100	-100	-100	-100
c1_AC018647.1	2	2	3	2	2	2	2	2	2
c1_SAMD4A	2	2	3	2	2	2	2	2	2
c1_AHR	2	2	3	2	2	2	2	2	2
c1_PLCG2	2	2	3	2	2	2	2	2	2
c1_AC117457.1	2	2	3	2	2	2	2	2	2
c1_NEURL2	2	2	3	2	2	2	2	2	2
c1_AC245014.3	2	2	3	2	2	2	2	2	2
c1_LAMA3	2	2	3	2	2	2	2	2	2
c1_AL358334.2	2	2	3	2	2	2	2	2	2
c1_AL365181.3	2	2	3	2	2	2	2	2	2
c1_ICOSLG	2	2	3	2	2	2	2	2	2
c1_BLNK	2	2	3	2	2	2	2	2	2
c1_IGF1R	2	2	3	2	2	2	2	2	2
c1_HSD17B11	2	2	3	2	2	2	2	2	2
c1_BAIAP2	2	2	3	2	2	2	2	2	2
c1_PRSS16	2	2	3	2	2	2	2	2	2
c1_CYP1B1	2	2	3	2	2	2	2	2	2
c1_F2R	2	2	3	2	2	2	2	2	2
c1_TAGLN	2	2	3	2	2	2	2	2	2
c1_STAT6	2	2	3	2	2	2	2	2	2
c1_DIRAS3	2	2	3	2	2	2	2	2	2
c1_PDE6G	2	2	3	2	2	2	2	2	2
c1_CPA4	2	2	3	2	2	2	2	2	2
c1_LINC01376	2	2	3	2	2	2	2	2	2
c1_COL4A1	2	2	3	2	2	2	2	2	2
c1_LGALS1	2	2	3	2	2	2	2	2	2
c1_CHRNA9	2	2	3	2	2	2	2	2	2
c1_LGALS3	2	2	3	2	2	2	2	2	2
c1_CAV2	2	2	3	2	2	2	2	2	2
c1_GALNT18	2	2	3	2	2	2	2	2	2
c1_TNFRSF14	2	2	3	2	2	2	2	2	2
c1_TMEM156	2	2	3	2	2	2	2	2	2
c1_AL137026.1	2	2	3	2	2	2	2	2	2
DUMMY89	-100	-100	-100	-100	-100	-100	-100	-100	-100
c1_AC025176.1	1	1	1	1	1	3	2	1	1
c1_NKX2-5	1	1	1	1	1	3	2	1	1
c1_ESPN	1	1	1	1	1	3	2	1	1
c1_STRA6	1	1	1	1	1	3	2	1	1
c1_STEAP1	1	1	1	1	1	3	2	1	1
c1_FXYD5	1	1	1	1	1	3	2	1	1
c1_COLEC11	1	1	1	1	1	3	2	1	1
c1_SLC7A3	1	1	1	1	1	3	2	1	1
c1_LINC02154	1	1	1	1	1	3	2	1	1
c1_LINC00379	1	1	1	1	1	3	2	1	1
c1_LAMP3	1	1	1	1	1	3	2	1	1
c1_C17orf64	1	1	1	1	1	3	2	1	1
c1_MIR9-3HG	1	1	1	1	1	3	2	1	1
c1_MICB	1	1	1	1	1	3	2	1	1
c1_BNC1	1	1	1	1	1	3	2	1	1
DUMMY90	-100	-100	-100	-100	-100	-100	-100	-100	-100
c1_BSCL2	2	2	2	2	2	1	1	1	1
c1_SLC16A13	2	2	2	2	2	1	1	1	1
c1_ZBTB6	2	2	2	2	2	1	1	1	1
c1_CFHR1	2	2	2	2	2	1	1	1	1
c1_LCP1	2	2	2	2	2	1	1	1	1
DUMMY91	-100	-100	-100	-100	-100	-100	-100	-100	-100
c1_AC002451.1	1	1	1	1	1	3	3	3	3
c1_WDR62	1	1	1	1	1	3	3	3	3
c1_TICRR	1	1	1	1	1	3	3	3	3
c1_FANCA	1	1	1	1	1	3	3	3	3
c1_CDCA2	1	1	1	1	1	3	3	3	3
c1_PIMREG	1	1	1	1	1	3	3	3	3
c1_CDCA8	1	1	1	1	1	3	3	3	3
c1_PSRC1	1	1	1	1	1	3	3	3	3
c1_DEPDC1B	1	1	1	1	1	3	3	3	3
c1_RDM1	1	1	1	1	1	3	3	3	3
c1_RAD54L	1	1	1	1	1	3	3	3	3
c1_ESPL1	1	1	1	1	1	3	3	3	3
c1_BUB1B	1	1	1	1	1	3	3	3	3
c1_HASPIN	1	1	1	1	1	3	3	3	3
c1_HIST1H3G	1	1	1	1	1	3	3	3	3
c1_C17orf53	1	1	1	1	1	3	3	3	3
c1_APOBEC3B	1	1	1	1	1	3	3	3	3
c1_KIF20A	1	1	1	1	1	3	3	3	3
c1_C2orf48	1	1	1	1	1	3	3	3	3
DUMMY92	-100	-100	-100	-100	-100	-100	-100	-100	-100
c1_ABCA4	2	1	2	1	1	1	1	1	1
c1_TOMM20L	2	1	2	1	1	1	1	1	1
c1_IQCM	2	1	2	1	1	1	1	1	1
c1_AC011498.1	2	1	2	1	1	1	1	1	1
c1_AC034232.2	2	1	2	1	1	1	1	1	1
c1_CFI	2	1	2	1	1	1	1	1	1
c1_AC107029.2	2	1	2	1	1	1	1	1	1
c1_AL513550.1	2	1	2	1	1	1	1	1	1
c1_AL590235.2	2	1	2	1	1	1	1	1	1
c1_AC117382.2	2	1	2	1	1	1	1	1	1
c1_AKNAD1	2	1	2	1	1	1	1	1	1
c1_HSD17B13	2	1	2	1	1	1	1	1	1
c1_IGSF5	2	1	2	1	1	1	1	1	1
c1_AC073911.1	2	1	2	1	1	1	1	1	1
c1_BARX2	2	1	2	1	1	1	1	1	1
c1_AC025263.1	2	1	2	1	1	1	1	1	1
DUMMY93	-100	-100	-100	-100	-100	-100	-100	-100	-100
c1_AC016065.1	1	2	1	1	1	2	1	1	1
c1_AC024941.2	1	2	1	1	1	2	1	1	1
c1_GLIPR1L1	1	2	1	1	1	2	1	1	1
c1_AL160269.1	1	2	1	1	1	2	1	1	1
c1_LINC00853	1	2	1	1	1	2	1	1	1
c1_AC022167.2	1	2	1	1	1	2	1	1	1
DUMMY94	-100	-100	-100	-100	-100	-100	-100	-100	-100
c1_AC046143.2	3	1	1	1	1	1	1	1	1
c1_TGM3	3	1	1	1	1	1	1	1	1
c1_ATP4B	3	1	1	1	1	1	1	1	1
c1_C11orf16	3	1	1	1	1	1	1	1	1
c1_C20orf85	3	1	1	1	1	1	1	1	1
c1_NKX2-1	3	1	1	1	1	1	1	1	1
c1_AC125494.2	3	1	1	1	1	1	1	1	1
c1_GSTA3	3	1	1	1	1	1	1	1	1
c1_TUBA4B	3	1	1	1	1	1	1	1	1
c1_TTC16	3	1	1	1	1	1	1	1	1
c1_AL132801.1	3	1	1	1	1	1	1	1	1
DUMMY95	-100	-100	-100	-100	-100	-100	-100	-100	-100
c1_GIMAP2	1	3	1	1	1	1	2	1	1
c1_RS1	1	3	1	1	1	1	2	1	1
c1_LINC02541	1	3	1	1	1	1	2	1	1
c1_LINC01779	1	3	1	1	1	1	2	1	1
c1_LINC01603	1	3	1	1	1	1	2	1	1
DUMMY96	-100	-100	-100	-100	-100	-100	-100	-100	-100
c1_AC079921.2	1	2	2	2	1	2	1	1	1
c1_POLD4	1	2	2	2	1	2	1	1	1
c1_HHATL	1	2	2	2	1	2	1	1	1
c1_ANKRD20A8P	1	2	2	2	1	2	1	1	1
c1_AL445472.1	1	2	2	2	1	2	1	1	1
DUMMY98	-100	-100	-100	-100	-100	-100	-100	-100	-100
c1_AC009812.4	1	2	2	1	1	1	1	1	1
c1_AL513548.1	1	2	2	1	1	1	1	1	1
c1_AL138781.2	1	2	2	1	1	1	1	1	1
c1_MMAA	1	2	2	1	1	1	1	1	1
c1_AC105339.3	1	2	2	1	1	1	1	1	1
DUMMY99	-100	-100	-100	-100	-100	-100	-100	-100	-100
c1_AC087430.1	1	3	1	1	1	1	1	1	1
c1_AL353770.4	1	3	1	1	1	1	1	1	1
c1_AC092167.1	1	3	1	1	1	1	1	1	1
c1_MUC15	1	3	1	1	1	1	1	1	1
c1_CNTF	1	3	1	1	1	1	1	1	1
DUMMY101	-100	-100	-100	-100	-100	-100	-100	-100	-100
c1_AC084824.5	2	2	2	2	2	1	1	1	2
c1_FAM9C	2	2	2	2	2	1	1	1	2
c1_RBM46	2	2	2	2	2	1	1	1	2
c1_TDRD9	2	2	2	2	2	1	1	1	2
c1_GSN-AS1	2	2	2	2	2	1	1	1	2
c1_AC144831.1	2	2	2	2	2	1	1	1	2
DUMMY102	-100	-100	-100	-100	-100	-100	-100	-100	-100
c1_CHRNA5	1	1	1	1	1	2	3	3	1
c1_IGFLR1	1	1	1	1	1	2	3	3	1
c1_RACGAP1	1	1	1	1	1	2	3	3	1
c1_CU633906.2	1	1	1	1	1	2	3	3	1
c1_UBE2T	1	1	1	1	1	2	3	3	1
c1_FBLN7	1	1	1	1	1	2	3	3	1
DUMMY106	-100	-100	-100	-100	-100	-100	-100	-100	-100
c1_AC006942.1	2	1	1	1	1	2	2	1	1
c1_C10orf25	2	1	1	1	1	2	2	1	1
c1_RBMS3-AS3	2	1	1	1	1	2	2	1	1
c1_AC068987.5	2	1	1	1	1	2	2	1	1
c1_RNF227	2	1	1	1	1	2	2	1	1
c1_AL157838.1	2	1	1	1	1	2	2	1	1
DUMMY107	-100	-100	-100	-100	-100	-100	-100	-100	-100
c1_AC069148.1	2	1	1	1	2	3	2	2	2
c1_CYP27A1	2	1	1	1	2	3	2	2	2
c1_AL450311.2	2	1	1	1	2	3	2	2	2
c1_AL033530.1	2	1	1	1	2	3	2	2	2
c1_SPAG4	2	1	1	1	2	3	2	2	2
c1_FZD10	2	1	1	1	2	3	2	2	2
DUMMY108	-100	-100	-100	-100	-100	-100	-100	-100	-100
c1_CHTF18	2	1	1	1	2	2	3	3	2
c1_GPRC5A	2	1	1	1	2	2	3	3	2
c1_SLFN13	2	1	1	1	2	2	3	3	2
c1_NEIL3	2	1	1	1	2	2	3	3	2
c1_E2F8	2	1	1	1	2	2	3	3	2
DUMMY109	-100	-100	-100	-100	-100	-100	-100	-100	-100
c1_AL133215.2	2	1	1	1	2	2	3	2	2
c1_TMPO-AS1	2	1	1	1	2	2	3	2	2
c1_RNASEH2A	2	1	1	1	2	2	3	2	2
c1_E2F2	2	1	1	1	2	2	3	2	2
c1_POLE2	2	1	1	1	2	2	3	2	2
DUMMY110	-100	-100	-100	-100	-100	-100	-100	-100	-100
